-0.106
0.004
0.168
0.303
0.316
0.28
0.186
0.018
-0.076
-0.02
0.04
0.04
-0.018
-0.13
-0.3
-0.412
-0.418
-0.324
-0.188
0.024
0.208
0.297
0.3
0.272
0.202
0.134
0.22
0.322
0.382
0.384
0.362
0.32
0.252
0.2
0.13
0.022
-0.026
-0.046
0.01
0.032
0.026
-0.004
-0.058
-0.086
-0.064
0.026
0.082
0.102
0.096
-0.028
-0.134
-0.172
-0.072
0.038
0.056
0.022
-0.138
-0.35
-0.51
-0.56
-0.488
-0.41
-0.316
-0.24
-0.16
-0.084
-0.066
-0.062
-0.002
0.112
0.256
0.341
0.348
0.304
0.094
-0.178
-0.408
-0.582
-0.542
-0.344
-0.136
-0.042
-0.044
-0.176
-0.458
-0.736
-0.742
-0.532
-0.378
-0.362
-0.39
-0.506
-0.642
-0.542
-0.374
-0.154
-0.012
0.058
0.098
0.1
0.1
0.098
0.108
0.144
0.208
0.293
0.32
0.312
0.248
0.09
-0.086
-0.236
-0.338
-0.42
-0.47
-0.486
-0.398
-0.274
-0.134
-0.02
0.038
0.078
0.132
0.24
0.353
0.478
0.564
0.62
0.658
0.664
0.65
0.592
0.478
0.356
0.258
0.19
0.204
0.26
0.303
0.316
0.314
0.27
0.162
0.074
0.026
0.04
0.104
0.174
0.28
0.342
0.352
0.342
0.26
0.164
0.086
0.06
0.064
0.022
-0.07
-0.164
-0.23
-0.244
-0.216
-0.17
-0.132
-0.088
-0.022
0.046
0.116
0.144
0.144
0.106
0.002
-0.13
-0.212
-0.216
-0.156
-0.12
-0.082
0.002
0.136
0.305
0.436
0.494
0.492
0.412
0.346
0.28
0.378
0.514
0.642
0.7
0.7
0.68
0.616
0.528
0.454
0.402
0.404
0.388
0.37
0.304
0.15
-0.034
-0.18
-0.324
-0.422
-0.478
-0.534
-0.584
-0.536
-0.44
-0.266
-0.05
0.084
0.118
0.102
-0.028
-0.196
-0.246
-0.14
-0.112
-0.136
-0.244
-0.368
-0.44
-0.386
-0.304
-0.246
-0.202
-0.104
-0.01
0.018
0.006
-0.082
-0.196
-0.218
-0.128
-0.038
-0.02
-0.03
-0.064
-0.052
0.07
0.18
0.22
0.216
0.15
0.076
0.11
0.242
0.337
0.386
0.386
0.312
0.22
0.154
0.07
0.03
0.014
0.056
0.114
0.152
0.162
0.15
0.08
0.044
0.044
0.064
0.064
0.056
0.008
-0.078
-0.156
-0.254
-0.408
-0.534
-0.634
-0.474
-0.224
0.012
0.122
0.134
0.106
0.032
0.034
0.134
0.228
0.236
0.188
0.08
-0.058
-0.146
-0.036
0.112
0.23
0.289
0.288
0.204
0.058
-0.066
-0.15
-0.11
-0.064
-0.068
-0.14
-0.228
-0.362
-0.362
-0.264
-0.172
-0.168
-0.22
-0.336
-0.444
-0.384
-0.246
-0.16
-0.16
-0.2
-0.268
-0.344
-0.348
-0.33
-0.332
-0.33
-0.242
-0.15
-0.112
-0.112
-0.134
-0.204
-0.074
0.188
0.435
0.578
0.582
0.472
0.234
0.004
-0.12
0.004
0.238
0.468
0.622
0.668
0.664
0.604
0.544
0.562
0.634
0.668
0.662
0.566
0.404
0.248
0.118
0.038
-0.016
-0.104
-0.178
-0.17
-0.06
0.068
0.144
0.174
0.17
0.088
0.0
-0.048
-0.008
0.028
0.062
0.066
0.092
0.17
0.255
0.292
0.284
0.186
0.074
0.016
0.116
0.244
0.27
0.248
0.148
-0.004
-0.15
-0.346
-0.516
-0.59
-0.482
-0.32
-0.194
-0.106
-0.084
0.0
0.168
0.351
0.456
0.456
0.386
0.242
0.076
-0.046
-0.142
-0.23
-0.266
-0.294
-0.28
-0.196
-0.068
0.144
0.386
0.554
0.59
0.558
0.382
0.142
-0.052
-0.16
-0.206
-0.174
-0.126
-0.014
0.062
0.082
0.084
0.038
-0.07
-0.136
-0.13
-0.074
-0.028
0.0
0.018
0.026
0.02
0.002
0.02
0.064
0.136
0.174
0.162
0.072
0.056
0.124
0.224
0.303
0.308
0.242
0.052
-0.152
-0.334
-0.418
-0.208
0.14
0.52
0.746
0.766
0.654
0.336
0.024
-0.198
-0.31
-0.33
-0.316
-0.282
-0.162
0.028
0.222
0.363
0.426
0.43
0.376
0.26
0.158
0.074
0.054
0.016
-0.076
-0.192
-0.32
-0.398
-0.362
-0.304
-0.238
-0.192
-0.16
-0.156
-0.166
-0.172
-0.066
0.076
0.218
0.317
0.342
0.316
0.194
0.098
0.024
0.048
0.156
0.236
0.254
0.25
0.228
0.212
0.254
0.31
0.314
0.288
0.24
0.164
0.072
0.022
-0.038
-0.08
-0.116
-0.168
-0.234
-0.28
-0.218
-0.116
0.034
0.16
0.21
0.222
0.238
0.236
0.206
0.138
0.024
-0.162
-0.376
-0.53
-0.534
-0.408
-0.268
-0.19
-0.148
-0.114
-0.01
0.112
0.291
0.41
0.48
0.504
0.496
0.428
0.304
0.126
-0.05
-0.174
-0.186
-0.118
-0.016
0.05
0.058
0.026
-0.062
-0.194
-0.308
-0.408
-0.472
-0.466
-0.382
-0.216
0.0
0.176
0.222
0.214
0.128
-0.036
-0.23
-0.332
-0.318
-0.234
-0.2
-0.2
-0.228
-0.246
-0.164
-0.03
0.11
0.186
0.2
0.192
0.162
0.116
0.03
0.03
0.11
0.202
0.256
0.264
0.24
0.156
0.066
-0.034
-0.142
-0.268
-0.324
-0.236
-0.082
-0.004
-0.002
-0.044
-0.166
-0.326
-0.458
-0.462
-0.348
-0.168
0.02
0.172
0.267
0.298
0.3
0.254
0.128
-0.036
-0.188
-0.174
-0.04
0.148
0.316
0.394
0.394
0.366
0.302
0.228
0.246
0.273
0.274
0.232
0.072
-0.112
-0.232
-0.236
-0.188
-0.15
-0.152
-0.15
-0.076
0.04
0.186
0.226
0.224
0.17
0.046
-0.088
-0.226
-0.362
-0.496
-0.64
-0.736
-0.63
-0.452
-0.294
-0.194
-0.168
-0.166
-0.078
0.072
0.144
0.146
0.11
0.024
-0.044
0.036
0.158
0.234
0.337
0.492
0.624
0.718
0.72
0.648
0.494
0.322
0.21
0.162
0.134
0.108
0.074
0.026
-0.014
-0.016
0.022
0.106
0.158
0.164
0.122
-0.006
-0.148
-0.29
-0.236
-0.144
-0.06
-0.016
0.028
0.134
0.256
0.357
0.372
0.352
0.262
0.098
-0.028
-0.008
0.09
0.222
0.288
0.296
0.292
0.286
0.282
0.26
0.158
-0.064
-0.338
-0.486
-0.362
-0.15
-0.062
-0.058
-0.068
-0.03
0.11
0.264
0.365
0.382
0.362
0.294
0.224
0.168
0.108
0.038
0.076
0.16
0.224
0.284
0.302
0.324
0.388
0.446
0.454
0.418
0.296
0.104
-0.09
-0.156
-0.118
-0.056
-0.05
-0.078
-0.14
-0.212
-0.244
-0.212
-0.136
-0.034
0.116
0.279
0.374
0.43
0.436
0.442
0.49
0.594
0.674
0.71
0.702
0.588
0.386
0.142
-0.084
-0.294
-0.482
-0.638
-0.762
-0.714
-0.632
-0.578
-0.576
-0.622
-0.706
-0.662
-0.508
-0.342
-0.236
-0.206
-0.208
-0.24
-0.282
-0.332
-0.37
-0.388
-0.332
-0.226
-0.1
-0.022
0.004
0.01
0.03
0.028
0.002
-0.05
-0.12
-0.202
-0.204
-0.12
-0.096
-0.086
-0.1
-0.204
-0.318
-0.41
-0.336
-0.182
0.026
0.21
0.307
0.318
0.298
0.214
0.126
0.056
0.06
0.146
0.26
0.418
0.534
0.572
0.564
0.458
0.278
0.118
0.03
0.03
0.084
0.118
0.118
0.1
0.074
0.038
0.042
0.112
0.186
0.208
0.208
0.208
0.218
0.301
0.43
0.57
0.648
0.668
0.654
0.55
0.396
0.23
0.062
-0.11
-0.24
-0.336
-0.406
-0.458
-0.514
-0.594
-0.682
-0.638
-0.516
-0.33
-0.18
-0.098
-0.076
-0.078
-0.06
0.008
0.082
0.088
0.06
-0.02
-0.122
-0.158
-0.068
0.062
0.158
0.206
0.262
0.317
0.362
0.418
0.444
0.444
0.444
0.438
0.426
0.384
0.288
0.196
0.088
-0.022
-0.102
-0.208
-0.328
-0.4
-0.364
-0.318
-0.254
-0.248
-0.262
-0.264
-0.284
-0.326
-0.426
-0.626
-0.776
-0.614
-0.332
-0.052
0.07
0.072
-0.002
-0.12
-0.124
-0.1
-0.098
-0.102
-0.136
-0.19
-0.242
-0.298
-0.314
-0.234
-0.094
0.034
0.092
0.094
0.048
-0.064
-0.164
-0.216
-0.26
-0.244
-0.216
-0.178
-0.114
-0.014
0.092
0.25
0.401
0.504
0.566
0.572
0.544
0.42
0.25
0.098
0.056
0.202
0.384
0.526
0.538
0.474
0.316
0.168
0.068
0.13
0.236
0.281
0.28
0.252
0.18
0.168
0.176
0.208
0.216
0.206
0.156
0.172
0.22
0.264
0.288
0.304
0.316
0.37
0.394
0.372
0.234
0.028
