-398
-372
-376
-424
-446
-478
-566
-594
-550
-436
-246
-72
28
44
34
-24
-60
42
88
74
-38
-192
-312
-242
-62
34
102
184
265
382
480
498
484
404
324
238
154
80
6
-120
-270
-366
-344
-196
-30
72
148
196
200
212
226
208
146
142
140
136
132
222
415
614
752
766
704
482
268
148
54
-24
-138
-366
-546
-574
-482
-366
-330
-332
-356
-334
-270
-216
-208
-232
-292
-366
-384
-378
-400
-470
-508
-540
-396
-230
-110
-52
-54
-152
-330
-474
-574
-654
-684
-718
-678
-524
-278
-32
152
261
274
248
222
320
498
702
806
800
640
432
268
222
240
220
100
-48
-54
90
214
258
256
218
234
258
232
112
4
-24
140
389
462
446
340
184
60
180
364
510
580
588
570
518
438
348
272
136
34
-44
-60
92
226
347
476
506
490
410
270
118
142
376
566
616
598
426
194
32
-22
-24
-60
-76
-40
10
38
32
-58
-232
-336
-358
-338
-298
-292
-284
-232
-226
-246
-290
-360
-424
-470
-390
-290
-172
-42
30
42
22
-62
-156
-286
-270
-164
-16
56
56
-14
-186
-324
-390
-370
-266
-156
-26
122
194
196
140
22
-132
-284
-342
-370
-446
-542
-654
-742
-592
-348
-106
78
200
244
244
214
174
88
-14
-34
-36
-38
4
60
172
325
442
490
496
492
476
440
368
264
80
-108
-224
-114
56
192
212
180
58
-66
-160
-200
-172
-172
-150
-132
-146
-230
-368
-494
-530
-330
-114
74
200
275
282
304
308
256
110
-54
-192
-198
-148
-124
-138
-260
-430
-532
-542
-446
-296
-156
28
200
