144
116
212
328
406
462
482
488
502
566
596
588
532
464
392
356
360
362
330
248
206
180
188
212
244
355
466
524
528
474
334
140
-28
-132
-240
-350
-456
-456
-320
-136
8
74
84
108
126
172
202
202
176
114
50
50
152
273
338
344
334
308
254
222
220
204
190
140
-4
-172
-266
-148
76
256
295
272
168
72
-6
94
212
286
294
290
278
252
226
208
128
14
34
144
307
402
412
374
226
-52
-274
-530
-686
-632
-416
-156
36
132
136
116
74
56
126
136
126
64
-12
-84
-118
-118
-176
-282
-388
-470
-550
-578
-602
-678
-628
-520
-388
-270
-244
-248
-290
-308
-232
-138
-14
138
319
464
502
472
246
-102
-400
-488
-326
-192
-164
-168
-222
-326
-414
-448
-388
-286
-154
-84
-70
-40
20
122
281
434
516
524
500
418
276
100
-32
-136
-208
-192
-74
102
339
530
636
672
702
710
712
724
722
694
684
678
620
506
338
146
4
-98
-224
-396
-550
-608
-566
-500
-478
-484
-524
-456
-326
-228
-174
-172
-244
-380
-314
-118
106
267
300
280
198
156
136
130
132
142
214
334
440
508
512
456
280
20
-180
-178
58
345
516
524
454
292
78
-100
-184
-220
-214
-136
-80
-32
18
42
74
162
244
288
291
270
246
212
218
224
206
130
54
-24
-112
-148
-164
-230
-344
-436
-504
-356
-142
36
98
90
-22
-228
-354
-280
-204
-144
-138
-148
-150
-150
-166
-184
-98
88
281
378
384
340
254
228
296
344
356
350
280
132
-42
-222
-380
-314
-154
2
142
188
184
138
48
-98
-268
-412
-470
-430
-386
-384
-414
-496
-576
-594
-500
-310
-126
-50
-30
-32
-100
-214
-296
-342
-274
-120
10
106
208
256
291
316
312
236
102
8
-82
-162
-278
-442
-592
-638
-536
-430
-340
-240
-164
-136
-74
-50
-64
-76
38
218
459
734
930
1030
1048
1034
946
798
652
508
402
328
274
186
90
20
-32
-84
-154
-220
-194
6
315
626
850
908
880
680
386
64
-216
-400
-440
-282
30
359
572
628
610
458
256
168
236
286
288
250
162
46
10
8
-8
-38
-76
-130
-94
-78
-90
-96
-44
-2
22
24
-10
-152
-318
-468
-636
-830
-1010
-1154
-1000
-716
-412
-146
60
226
403
614
810
886
882
816
652
414
194
46
-56
-52
56
192
357
510
564
566
554
494
344
128
-88
-240
-228
-106
10
52
52
16
-72
-166
-206
-168
-102
-8
58
96
154
178
194
236
311
362
368
342
208
-16
-182
-160
-60
14
16
-82
-292
-536
-736
-838
-726
-454
-186
-8
34
18
-88
-186
-162
-108
-90
-100
-218
-388
-470
-394
-254
-134
-124
-184
-242
-138
72
299
364
360
288
224
272
372
482
530
590
686
740
742
714
602
420
216
48
-8
-28
48
118
164
196
196
152
70
0
-32
-54
-68
-112
-232
-338
-364
-292
-236
-232
-304
-514
-728
-852
-690
-396
-46
174
216
208
128
-24
-132
-112
-116
-172
-230
-198
-98
8
80
88
72
18
-46
-94
-78
-54
-54
-100
-184
-324
-394
-286
-114
84
246
333
384
440
530
670
820
926
932
856
678
412
154
22
