-0.282
-0.186
-0.112
-0.072
-0.07
-0.078
-0.1
-0.154
-0.18
-0.132
-0.06
0.008
0.02
-0.004
-0.086
-0.18
-0.268
-0.16
0.018
0.188
0.323
0.368
0.368
0.344
0.328
0.312
0.298
0.322
0.374
0.404
0.406
0.39
0.31
0.238
0.226
0.275
0.284
0.228
0.1
-0.046
-0.18
-0.278
-0.296
-0.344
-0.37
-0.314
-0.238
-0.124
-0.018
0.024
0.078
0.128
0.13
0.106
0.056
-0.052
-0.186
-0.18
-0.05
0.106
0.214
0.228
0.196
0.106
0.018
-0.054
-0.05
0.0
0.146
0.325
0.552
0.714
0.764
0.746
0.598
0.376
0.162
0.01
-0.07
-0.07
-0.07
-0.088
-0.14
-0.236
-0.346
-0.452
-0.56
-0.632
-0.698
-0.606
-0.412
-0.214
-0.07
0.034
0.068
0.064
0.034
0.038
0.032
-0.028
-0.122
-0.23
-0.204
-0.048
0.154
0.273
0.284
0.26
0.172
0.128
0.144
0.174
0.17
0.058
-0.088
-0.2
-0.192
-0.11
-0.092
-0.106
-0.242
-0.438
-0.424
0.044
0.823
1.752
2.584
3.08
3.22
3.21
3.016
2.618
2.046
1.276
0.378
-0.448
-1.022
-1.274
-1.3
-1.304
-1.38
-1.506
-1.588
-1.624
-1.634
-1.692
-1.818
-1.928
-1.866
-1.658
-1.388
-1.148
-0.898
-0.702
-0.566
-0.516
-0.516
-0.56
-0.532
-0.346
-0.06
0.261
0.48
0.52
0.51
0.442
0.346
0.272
0.224
0.162
0.052
-0.052
-0.128
-0.166
-0.1
-0.024
0.066
0.146
0.182
0.182
0.14
0.068
0.0
-0.016
0.004
-0.004
-0.048
-0.144
-0.27
-0.29
-0.198
-0.126
-0.052
-0.024
-0.014
0.008
0.032
0.038
0.046
0.1
0.16
0.214
0.226
0.216
0.188
0.132
0.094
0.092
0.088
0.052
0.016
0.098
0.271
0.47
0.584
0.59
0.552
0.414
0.282
0.206
0.17
0.128
0.076
0.018
-0.02
-0.024
0.022
0.094
0.184
0.285
0.4
0.496
0.574
0.62
0.62
0.536
0.354
0.13
-0.092
-0.24
-0.22
-0.08
0.08
0.192
0.2
0.152
0.014
-0.172
-0.262
-0.126
0.1
0.279
0.4
0.412
0.382
0.3
0.19
0.114
0.076
0.018
-0.086
-0.23
-0.4
-0.59
-0.676
-0.62
-0.436
-0.194
0.076
0.287
0.406
0.43
0.412
0.306
0.21
0.146
0.172
0.232
0.292
0.354
0.38
0.38
0.358
0.268
0.126
0.02
-0.044
-0.05
-0.022
-0.024
-0.076
-0.15
-0.222
-0.254
-0.216
-0.158
-0.088
-0.018
0.03
0.042
0.048
0.046
0.028
0.024
0.008
-0.02
-0.022
-0.028
0.06
0.206
0.359
0.49
0.6
0.602
0.508
0.304
0.082
-0.066
0.012
0.172
0.348
0.506
0.59
0.592
0.536
0.308
-0.046
-0.358
-0.57
-0.612
-0.502
-0.402
-0.362
-0.36
-0.396
-0.514
-0.674
-0.742
-0.568
-0.26
0.078
0.351
0.494
0.516
0.502
0.44
0.374
0.344
0.312
0.29
0.228
0.156
0.138
0.214
0.301
0.324
0.318
0.27
0.188
0.122
0.062
0.028
-0.002
-0.098
-0.194
-0.232
-0.128
0.046
0.257
0.396
0.422
0.404
0.308
0.152
-0.016
-0.142
-0.25
-0.34
-0.39
-0.316
-0.22
-0.136
-0.114
-0.13
-0.142
-0.066
0.072
0.198
0.214
0.184
0.084
0.024
-0.014
0.042
0.052
0.012
-0.098
-0.222
-0.276
-0.214
-0.114
-0.02
0.044
0.084
0.176
0.275
0.358
0.426
0.512
0.542
0.54
0.518
0.454
0.28
0.116
-0.02
-0.146
-0.25
-0.318
-0.362
-0.43
-0.492
-0.582
-0.684
-0.684
-0.6
-0.512
-0.498
-0.512
-0.584
-0.644
-0.55
-0.432
-0.34
-0.27
-0.236
-0.182
-0.086
0.024
0.074
0.076
0.04
-0.054
-0.178
-0.254
-0.296
-0.282
-0.258
-0.254
-0.262
-0.274
-0.23
-0.152
-0.026
0.116
0.251
0.332
0.418
0.478
0.484
0.472
0.442
0.402
0.298
0.196
0.142
0.21
0.316
0.44
0.496
0.494
0.44
0.37
0.308
0.378
0.466
0.558
0.6
0.6
0.552
0.376
0.162
-0.022
-0.002
0.156
0.311
0.35
0.332
0.21
0.032
-0.104
-0.134
-0.042
0.09
0.22
0.272
0.262
0.17
0.026
-0.056
0.146
0.447
0.676
0.738
0.728
0.574
0.358
0.226
0.226
0.264
0.276
0.274
0.212
0.094
-0.04
-0.198
-0.316
-0.412
-0.44
-0.376
-0.294
-0.214
-0.16
-0.136
-0.13
-0.148
-0.244
-0.378
-0.476
-0.426
-0.318
-0.188
-0.176
-0.22
-0.284
-0.238
-0.108
0.03
0.144
0.19
0.226
0.299
0.406
0.478
0.48
0.422
0.27
0.076
-0.086
-0.194
-0.182
-0.138
-0.132
-0.14
-0.17
-0.24
-0.314
-0.316
-0.208
-0.082
0.01
0.068
0.08
0.102
0.104
0.044
-0.108
-0.352
-0.614
-0.752
-0.638
-0.472
-0.372
-0.32
-0.23
-0.076
0.108
0.263
0.31
0.306
0.24
0.114
-0.018
-0.124
-0.236
-0.292
-0.274
-0.228
-0.158
-0.128
-0.13
-0.156
-0.186
-0.24
-0.242
-0.25
-0.25
-0.268
-0.324
-0.38
-0.37
-0.254
-0.1
0.052
0.144
0.194
0.239
0.282
0.318
0.32
0.274
0.12
-0.09
-0.254
-0.2
-0.006
0.176
0.248
0.25
0.192
0.062
-0.058
-0.14
-0.25
-0.336
-0.42
-0.274
-0.028
0.228
0.357
0.364
0.344
0.278
0.226
0.206
0.114
-0.02
-0.174
-0.182
-0.04
0.054
0.082
0.082
0.028
-0.036
-0.004
0.01
0.006
-0.026
-0.042
-0.07
-0.058
-0.008
0.104
0.251
0.364
0.404
0.398
0.278
0.064
-0.114
-0.154
0.0
0.2
0.368
0.444
0.442
0.358
0.226
0.09
-0.01
-0.038
-0.06
-0.144
-0.27
-0.402
-0.514
-0.574
-0.612
-0.6
-0.526
-0.358
-0.154
0.028
0.156
0.261
0.396
0.544
0.702
0.788
0.806
0.802
0.722
0.61
0.524
0.42
0.294
0.126
-0.052
-0.192
-0.218
-0.162
-0.092
-0.062
-0.026
0.038
0.134
0.222
0.257
0.244
0.132
-0.034
-0.214
-0.36
-0.302
-0.226
-0.192
-0.188
-0.202
-0.168
-0.054
0.084
0.208
0.341
0.46
0.6
0.702
0.716
0.698
0.632
0.586
0.622
0.7
0.718
0.71
0.642
0.52
0.364
0.208
0.064
-0.05
-0.094
-0.04
0.064
0.164
0.206
0.22
0.22
0.198
0.142
0.032
-0.104
-0.226
-0.234
-0.12
-0.03
-0.022
-0.066
-0.168
-0.266
-0.284
-0.206
-0.134
-0.088
-0.072
-0.076
-0.132
-0.276
-0.452
-0.588
-0.62
-0.534
-0.482
-0.45
-0.448
-0.474
-0.438
-0.364
-0.284
-0.27
-0.294
-0.374
-0.428
-0.328
-0.164
-0.01
0.078
0.086
0.08
0.054
0.02
-0.058
-0.032
0.046
0.164
0.297
0.382
0.398
0.382
0.292
0.158
0.01
-0.008
0.078
0.192
0.24
0.296
0.352
0.4
0.4
0.316
0.114
-0.142
-0.326
-0.298
-0.156
-0.05
-0.02
-0.02
-0.05
-0.106
-0.182
-0.226
-0.156
0.056
0.311
0.508
0.566
0.556
0.434
0.186
-0.044
-0.184
-0.256
-0.156
-0.036
0.074
0.124
0.124
0.118
0.156
0.255
0.392
0.482
0.482
0.378
0.184
-0.062
-0.252
-0.204
-0.038
0.122
0.267
0.344
0.384
0.408
0.406
0.368
0.318
0.206
0.062
-0.048
-0.068
0.078
0.277
0.464
0.564
0.566
0.51
0.352
0.16
0.054
0.156
0.356
0.522
0.6
0.598
0.504
0.33
0.114
-0.118
-0.31
-0.442
-0.546
-0.542
-0.522
-0.486
-0.48
-0.448
-0.386
-0.264
-0.098
-0.002
0.052
0.056
0.004
-0.088
-0.12
-0.078
-0.024
0.058
0.126
0.172
0.198
0.2
0.176
0.118
0.066
0.192
0.371
0.512
0.542
0.51
0.33
0.104
-0.054
0.044
0.18
0.302
0.31
0.234
-0.002
-0.31
-0.562
-0.634
-0.608
-0.594
-0.598
-0.634
-0.554
-0.352
-0.152
-0.05
-0.044
-0.102
-0.262
-0.422
-0.55
-0.544
-0.46
-0.34
-0.172
-0.006
0.128
0.249
0.296
0.296
0.27
0.24
0.212
0.146
0.116
0.118
0.194
0.302
0.414
0.47
0.474
0.448
0.364
0.228
0.054
-0.096
-0.218
-0.272
-0.226
-0.174
-0.128
-0.05
0.044
0.122
0.212
0.232
0.224
0.158
0.028
-0.162
-0.37
-0.558
-0.702
-0.722
-0.554
-0.334
-0.132
-0.03
-0.02
-0.04
-0.114
-0.154
-0.092
0.05
0.166
0.206
0.21
