0.092
-0.012
-0.132
-0.164
-0.128
-0.12
-0.122
-0.112
-0.05
0.1
0.247
0.31
0.308
0.22
0.098
-0.014
0.046
0.186
0.34
0.486
0.606
0.664
0.674
0.666
0.664
0.656
0.654
0.632
0.548
0.402
0.22
0.06
-0.042
-0.104
-0.142
-0.162
-0.126
-0.028
0.098
0.172
0.174
0.122
-0.028
-0.134
-0.162
-0.128
-0.076
-0.072
-0.118
-0.23
-0.308
-0.264
-0.178
-0.08
-0.066
-0.11
-0.228
-0.28
-0.202
-0.072
0.06
0.152
0.218
0.299
0.35
0.352
0.31
0.222
0.26
0.398
0.566
0.608
0.558
0.258
-0.112
-0.456
-0.596
-0.386
-0.166
-0.024
0.006
-0.01
-0.098
-0.2
-0.25
-0.316
-0.36
-0.372
-0.35
-0.286
-0.232
-0.2
-0.186
-0.158
-0.086
-0.014
0.054
0.102
0.148
0.249
0.374
0.484
0.514
0.494
0.412
0.264
0.126
0.054
-0.008
-0.064
-0.132
-0.154
-0.216
-0.296
-0.342
-0.358
-0.218
0.006
0.194
0.317
0.402
0.454
0.476
0.546
0.694
0.81
0.918
0.954
0.938
0.764
0.442
0.13
-0.048
0.014
0.174
0.24
0.244
0.228
0.15
0.084
0.046
0.022
-0.058
-0.194
-0.266
-0.312
-0.232
-0.072
0.102
0.265
0.388
0.452
0.47
0.468
0.476
0.508
0.52
0.518
0.476
0.358
0.166
-0.076
-0.288
-0.39
-0.25
-0.086
0.03
0.054
0.038
-0.052
-0.124
-0.122
-0.114
-0.112
-0.126
-0.182
-0.176
-0.024
0.12
0.214
0.218
0.154
0.006
-0.154
-0.284
-0.364
-0.44
-0.39
-0.224
-0.014
0.134
0.142
0.066
-0.13
-0.276
-0.286
-0.186
-0.096
-0.058
-0.046
-0.03
-0.03
-0.07
-0.134
-0.116
-0.016
0.096
0.15
0.148
0.09
0.014
0.012
0.092
0.164
0.174
0.162
0.122
0.066
0.016
0.016
0.018
0.02
0.018
-0.016
-0.036
-0.108
-0.186
-0.218
-0.132
-0.004
0.136
0.198
0.196
0.144
0.042
-0.056
-0.074
-0.022
-0.014
-0.04
-0.142
-0.292
-0.426
-0.476
-0.392
-0.322
-0.278
-0.258
-0.248
-0.23
-0.23
-0.244
-0.29
-0.4
-0.474
-0.55
-0.63
-0.656
-0.62
-0.468
-0.19
0.17
0.509
0.766
0.858
0.85
0.746
0.522
0.23
-0.044
-0.24
-0.322
-0.252
-0.146
-0.078
-0.076
-0.124
-0.132
-0.058
0.076
0.216
0.303
0.31
0.272
0.22
0.156
0.074
-0.014
-0.06
-0.096
-0.084
-0.074
-0.094
-0.172
-0.294
-0.446
-0.47
-0.246
-0.01
0.16
0.242
0.252
0.254
0.289
0.308
0.29
0.164
-0.03
-0.18
-0.242
-0.22
-0.22
-0.246
-0.246
-0.082
0.09
0.212
0.24
0.22
0.128
0.046
0.028
0.024
0.006
-0.04
0.006
0.096
0.172
0.174
0.106
0.018
0.024
0.138
0.251
0.288
0.278
0.224
0.218
0.262
0.28
0.28
0.22
0.066
-0.17
-0.348
-0.484
-0.488
-0.36
-0.282
-0.262
-0.264
-0.348
-0.53
-0.69
-0.692
-0.476
-0.162
0.152
0.343
0.412
0.436
0.47
0.518
0.554
0.552
0.46
0.25
0.024
-0.114
-0.066
0.014
0.032
0.02
-0.01
0.1
0.291
0.484
0.57
0.568
0.474
0.278
0.1
-0.036
-0.08
-0.032
0.02
0.048
0.048
0.044
0.024
0.078
0.148
0.277
0.416
0.524
0.534
0.486
0.324
0.086
-0.184
-0.434
-0.63
-0.722
-0.59
-0.366
-0.206
-0.172
-0.186
-0.276
-0.302
-0.17
-0.018
0.094
0.178
0.21
0.24
0.307
0.392
0.416
0.412
0.388
0.312
0.172
0.024
-0.02
-0.022
-0.03
-0.082
-0.192
-0.308
-0.382
-0.356
-0.284
-0.164
-0.058
0.072
0.279
0.496
0.704
0.836
0.854
0.82
0.656
0.41
0.23
0.168
0.281
0.382
0.396
0.358
0.234
0.112
0.062
0.144
0.21
0.208
0.1
-0.088
-0.264
-0.378
-0.336
-0.202
-0.09
-0.016
-0.004
-0.024
-0.076
-0.056
0.014
0.07
0.11
0.11
0.068
-0.01
-0.092
-0.212
-0.33
-0.434
-0.392
-0.268
-0.134
-0.072
-0.07
-0.088
-0.146
-0.238
-0.34
-0.376
-0.316
-0.222
-0.144
-0.128
-0.14
-0.202
-0.156
-0.044
0.04
0.056
0.034
-0.044
-0.106
-0.07
-0.022
0.002
0.0
0.024
0.08
0.132
0.13
0.064
-0.05
-0.132
-0.058
0.05
0.086
0.062
-0.098
-0.322
-0.514
-0.574
-0.47
-0.314
-0.176
0.026
0.2
0.263
0.26
0.2
0.116
0.106
0.282
0.48
0.634
0.706
0.712
0.688
0.592
0.42
0.214
-0.03
-0.184
-0.2
-0.166
-0.152
-0.154
-0.188
-0.206
-0.126
0.026
0.216
0.433
0.598
0.656
0.652
0.586
0.408
0.216
0.12
0.098
0.088
0.044
-0.01
-0.054
-0.074
-0.01
0.072
0.144
0.206
0.216
0.204
0.14
0.06
0.114
0.238
0.457
0.62
