-0.154
-0.138
-0.142
-0.232
-0.372
-0.48
-0.482
-0.428
-0.378
-0.354
-0.354
-0.364
-0.372
-0.414
-0.482
-0.556
-0.614
-0.604
-0.514
-0.376
-0.206
-0.03
0.08
0.116
0.116
0.116
0.104
0.078
0.048
-0.052
-0.136
-0.144
-0.106
-0.092
-0.092
-0.138
-0.212
-0.19
-0.142
-0.076
-0.04
0.024
0.142
0.291
0.428
0.494
0.498
0.484
0.482
0.534
0.554
0.546
0.47
0.28
0.02
-0.19
-0.212
-0.024
0.176
0.327
0.4
0.414
0.414
0.39
0.342
0.24
0.082
-0.038
-0.106
-0.036
0.0
0.018
0.042
0.044
0.074
0.11
0.11
0.082
0.032
-0.024
-0.072
-0.118
-0.178
-0.258
-0.25
-0.132
0.022
0.124
0.126
0.08
0.016
-0.03
0.002
0.072
0.138
0.156
0.158
0.132
0.052
-0.05
-0.188
-0.302
-0.236
-0.072
0.158
0.258
0.25
0.09
-0.184
-0.472
-0.552
-0.382
-0.232
-0.156
-0.126
-0.13
-0.176
-0.148
-0.142
-0.124
-0.1
-0.102
-0.12
-0.116
-0.092
-0.046
0.036
0.154
0.319
0.494
0.598
0.616
0.592
0.478
0.336
0.246
0.182
0.084
-0.062
-0.274
-0.488
-0.646
-0.532
-0.35
-0.1
0.12
0.262
0.333
0.346
0.362
0.392
0.438
0.46
0.454
0.402
0.272
0.136
0.156
0.236
0.26
0.22
0.074
-0.128
-0.26
-0.148
0.0
0.118
0.214
0.293
0.38
0.4
0.394
0.314
0.112
-0.12
-0.276
-0.232
-0.072
0.024
0.094
0.164
0.273
0.41
0.478
0.476
0.368
0.12
-0.134
-0.28
-0.24
-0.126
-0.012
0.062
0.072
0.046
-0.042
-0.142
-0.134
0.016
0.212
0.323
0.324
0.234
0.056
-0.134
-0.194
-0.072
0.022
0.022
-0.042
-0.154
-0.282
-0.234
-0.07
0.11
0.208
0.242
0.238
0.144
-0.002
-0.16
-0.24
-0.078
0.206
0.519
0.672
0.674
0.582
0.408
0.224
0.104
0.056
0.058
0.042
0.03
0.044
0.03
-0.014
-0.134
-0.258
-0.29
-0.246
-0.204
-0.198
-0.22
-0.274
-0.294
-0.274
-0.254
-0.22
-0.186
-0.14
-0.08
0.01
0.102
0.186
0.2
0.178
0.094
-0.042
-0.168
-0.228
-0.196
-0.178
-0.182
-0.2
-0.22
-0.206
-0.204
-0.168
-0.112
-0.038
0.022
0.05
0.05
-0.008
-0.052
0.024
0.13
0.216
0.228
0.204
0.092
-0.064
-0.19
-0.244
-0.242
-0.19
-0.188
-0.22
-0.282
-0.344
-0.354
-0.358
-0.358
-0.358
-0.41
-0.462
-0.406
-0.224
0.016
0.23
0.335
0.338
0.276
0.16
0.178
0.246
0.296
0.3
0.228
0.094
0.02
-0.002
-0.014
-0.064
-0.144
-0.21
-0.126
0.002
0.044
0.03
-0.078
-0.248
-0.39
-0.426
-0.374
-0.316
-0.258
-0.16
-0.026
0.114
0.152
0.128
-0.028
-0.204
-0.408
-0.49
-0.366
-0.25
-0.244
-0.274
-0.356
-0.372
-0.204
0.008
0.21
0.345
0.356
0.344
0.32
0.356
0.408
0.44
0.458
0.454
0.374
0.246
0.108
0.032
0.172
0.387
0.584
0.71
0.726
0.692
0.574
0.424
0.264
0.134
0.0
-0.054
-0.004
0.066
0.124
0.166
0.17
0.156
0.126
0.084
0.032
-0.026
-0.104
-0.186
-0.238
-0.248
-0.202
-0.146
-0.134
-0.08
-0.034
0.012
0.03
0.024
-0.014
-0.054
-0.054
-0.01
0.012
0.014
-0.02
-0.068
0.03
0.158
0.236
0.244
0.21
0.118
0.038
0.058
0.196
0.369
0.494
0.51
0.484
0.374
0.158
-0.022
-0.096
-0.008
0.066
0.1
0.102
0.078
0.036
-0.018
-0.06
-0.118
-0.23
-0.356
-0.484
-0.558
-0.492
-0.416
-0.32
-0.224
-0.134
-0.012
0.09
0.126
0.146
0.198
0.272
0.373
0.408
0.394
0.256
0.07
-0.068
0.0
0.174
0.308
0.346
0.346
0.324
0.264
0.21
0.188
0.154
0.108
0.02
-0.058
-0.17
-0.292
-0.402
-0.468
-0.47
-0.38
-0.276
-0.16
-0.078
-0.026
-0.008
0.022
0.098
0.156
0.164
0.154
0.064
-0.042
-0.106
-0.028
0.012
0.016
0.006
-0.048
-0.094
-0.092
-0.1
-0.112
-0.182
-0.236
-0.196
-0.088
0.076
0.259
0.416
0.542
0.602
0.598
0.522
0.38
0.258
0.178
0.208
0.244
0.272
0.274
0.25
0.2
0.108
-0.008
-0.154
-0.31
-0.394
-0.374
-0.226
-0.052
0.062
0.096
0.088
-0.014
-0.182
-0.312
-0.336
-0.226
-0.106
-0.016
0.008
0.018
0.046
0.148
0.254
0.303
0.302
0.224
0.012
-0.178
-0.292
-0.176
-0.01
0.088
0.104
0.096
0.132
0.208
0.312
0.362
0.36
0.322
0.26
0.278
0.301
0.3
0.28
0.24
0.21
0.156
0.084
0.002
-0.044
0.028
0.11
0.114
0.07
-0.044
-0.184
-0.116
0.066
0.24
0.293
0.28
0.136
-0.074
-0.214
-0.272
-0.16
-0.052
0.022
0.064
0.1
0.124
0.126
0.104
0.046
-0.002
-0.072
-0.122
-0.084
-0.04
0.0
0.084
0.154
0.17
0.168
0.114
-0.006
-0.138
-0.282
-0.338
-0.268
-0.174
-0.11
-0.098
-0.104
-0.15
-0.184
-0.126
-0.028
0.102
0.226
0.291
0.314
0.312
0.252
0.16
0.096
0.044
0.02
0.008
0.09
0.228
0.354
0.46
0.548
0.554
0.492
0.352
0.088
-0.236
-0.488
-0.602
-0.564
-0.516
-0.462
-0.368
-0.212
-0.048
0.044
0.046
-0.064
-0.26
-0.464
-0.596
-0.516
-0.38
-0.222
-0.052
0.12
0.271
0.344
0.344
0.262
0.088
-0.102
-0.192
-0.224
-0.234
-0.254
-0.31
-0.25
-0.106
0.084
0.256
0.327
0.326
0.282
0.176
0.074
0.052
0.052
0.04
-0.036
-0.182
-0.342
-0.398
-0.228
0.032
0.299
0.508
0.57
0.564
0.446
0.234
0.012
-0.138
-0.216
-0.248
-0.306
-0.316
-0.212
0.01
0.268
0.462
0.554
0.558
0.542
0.48
0.38
0.288
0.162
0.066
0.04
0.126
0.26
0.387
0.462
0.482
0.472
0.394
0.266
0.116
-0.002
-0.01
0.1
0.182
0.23
0.228
0.14
0.002
-0.09
-0.132
-0.072
0.004
0.03
0.024
-0.022
-0.12
-0.292
-0.492
-0.67
-0.776
-0.692
-0.56
-0.42
-0.318
-0.256
-0.206
-0.14
-0.07
-0.04
-0.032
-0.032
-0.052
-0.022
0.03
0.042
0.036
-0.066
-0.262
-0.482
-0.634
-0.612
-0.452
-0.256
-0.066
0.078
0.124
0.118
0.048
-0.034
0.012
0.114
0.236
0.305
0.306
0.268
0.246
0.246
0.232
0.15
-0.032
-0.204
-0.364
-0.384
-0.266
-0.09
0.088
0.252
0.399
0.488
0.52
0.534
0.568
0.58
0.566
0.514
0.448
0.358
0.276
0.214
0.134
-0.008
-0.148
-0.238
-0.184
-0.064
-0.01
-0.016
-0.13
-0.336
-0.556
-0.692
-0.534
-0.298
-0.084
0.078
0.116
0.102
0.042
-0.022
-0.07
-0.036
0.072
0.19
0.254
0.264
0.246
0.168
0.122
0.094
0.134
0.192
0.21
0.204
0.156
0.06
-0.046
-0.076
-0.004
0.074
0.146
0.202
0.228
0.244
0.236
0.144
0.026
-0.078
-0.074
0.0
0.11
0.176
0.226
0.266
0.305
0.352
0.36
0.322
0.216
0.002
-0.21
-0.168
0.038
0.32
0.484
0.496
0.454
0.378
0.3
0.23
0.152
0.016
-0.17
-0.326
-0.324
-0.22
-0.136
-0.134
-0.13
-0.078
0.01
0.09
0.144
0.182
0.204
0.262
0.273
0.228
0.1
-0.07
-0.206
-0.232
-0.164
-0.132
-0.134
-0.14
-0.088
-0.058
-0.052
-0.062
-0.102
-0.124
-0.076
-0.026
-0.028
-0.098
-0.188
-0.244
-0.174
-0.096
-0.04
-0.038
-0.076
-0.102
-0.122
-0.166
-0.17
-0.092
0.038
0.224
0.341
0.348
0.298
0.176
0.108
0.136
0.222
0.25
0.248
0.17
0.042
-0.066
-0.09
0.038
0.14
0.22
0.238
0.22
0.16
0.124
0.12
0.112
0.042
0.0
0.07
0.17
0.216
0.208
0.084
-0.174
-0.396
-0.526
-0.522
-0.43
-0.366
-0.338
-0.312
-0.286
-0.21
-0.07
0.142
0.293
0.346
0.346
0.284
0.14
0.022
-0.072
-0.15
-0.224
-0.286
-0.256
-0.12
0.046
0.118
0.11
-0.008
-0.196
-0.356
-0.414
-0.312
-0.194
-0.052
0.152
0.369
0.592
0.75
0.766
0.702
0.51
0.262
0.014
-0.132
-0.074
0.002
0.052
0.054
0.056
0.158
0.295
0.426
0.45
0.424
0.338
0.238
0.18
0.18
0.162
0.146
0.114
0.094
0.08
0.07
0.028
0.004
-0.022
-0.034
-0.044
-0.026
0.028
