-0.186
-0.246
-0.24
-0.214
-0.188
-0.18
-0.194
-0.242
-0.256
-0.256
-0.214
-0.132
-0.062
0.002
0.08
0.136
0.134
0.082
-0.052
-0.258
-0.51
-0.62
-0.518
-0.358
-0.204
-0.138
-0.138
-0.138
-0.014
0.116
0.19
0.212
0.188
0.054
-0.104
-0.092
0.074
0.287
0.464
0.568
0.592
0.586
0.522
0.354
0.152
-0.036
-0.152
-0.148
-0.094
-0.048
-0.002
0.084
0.146
0.17
0.172
0.162
0.134
0.214
0.333
0.416
0.448
0.446
0.394
0.328
0.356
0.486
0.618
0.7
0.702
0.648
0.494
0.368
0.256
0.126
-0.024
-0.192
-0.354
-0.446
-0.31
-0.148
-0.024
0.056
0.054
-0.022
-0.126
-0.22
-0.314
-0.374
-0.316
-0.286
-0.266
-0.274
-0.406
-0.646
-0.882
-0.852
-0.638
-0.386
-0.2
-0.156
-0.152
-0.122
-0.104
-0.09
-0.054
0.036
0.178
0.319
0.44
0.458
0.41
0.302
0.12
-0.108
-0.298
-0.334
-0.182
0.064
0.276
0.332
0.316
0.17
-0.044
-0.182
-0.136
0.042
0.198
0.341
0.46
0.526
0.528
0.504
0.464
0.374
0.28
0.228
0.228
0.286
0.4
0.484
0.52
0.53
0.508
0.448
0.42
0.408
0.39
0.312
0.228
0.112
-0.026
-0.174
-0.332
-0.422
-0.334
-0.096
0.156
0.319
0.374
0.368
0.268
0.124
0.004
-0.15
-0.328
-0.472
-0.538
-0.56
-0.47
-0.354
-0.172
0.078
0.257
0.422
0.48
0.476
0.4
0.278
0.214
0.224
0.27
0.352
0.376
0.372
0.322
0.214
0.078
-0.006
0.116
0.293
0.422
0.522
0.556
0.556
0.518
0.424
0.292
0.1
-0.098
-0.224
-0.168
0.002
0.142
0.231
0.27
0.274
0.262
0.19
0.104
-0.038
-0.224
-0.374
-0.454
-0.486
-0.534
-0.582
-0.564
-0.448
-0.26
-0.104
-0.046
-0.034
-0.036
-0.07
-0.092
-0.094
-0.096
-0.106
-0.1
-0.124
-0.288
-0.508
-0.732
-0.886
-0.878
-0.736
-0.68
-0.68
-0.688
-0.59
-0.392
-0.154
0.038
0.072
0.028
-0.1
-0.216
-0.196
-0.05
0.146
0.335
0.508
0.618
0.626
0.612
0.558
0.478
0.41
0.388
0.388
0.354
0.37
0.37
0.378
0.382
0.372
0.308
0.154
-0.024
-0.186
-0.242
-0.124
-0.032
0.016
0.01
-0.046
-0.138
-0.214
-0.25
-0.246
-0.214
-0.082
0.056
0.19
0.281
0.33
0.338
0.328
0.32
0.292
0.18
0.102
0.114
0.248
0.386
0.45
0.448
0.368
0.272
0.176
0.092
0.052
0.104
0.166
0.235
0.276
0.276
0.256
0.298
0.368
0.43
0.454
0.45
0.384
0.264
0.078
-0.122
-0.258
-0.264
-0.25
-0.262
-0.336
-0.494
-0.65
-0.722
-0.71
-0.702
-0.708
-0.706
-0.672
-0.578
-0.414
-0.2
-0.014
0.114
0.14
0.11
-0.044
-0.232
-0.338
-0.322
-0.14
0.014
0.09
0.1
0.088
-0.026
-0.13
-0.184
-0.126
-0.016
0.058
0.06
0.02
-0.086
-0.17
-0.182
-0.156
-0.146
-0.164
-0.236
-0.302
-0.244
-0.112
0.074
0.229
0.312
0.33
0.352
0.37
0.394
0.4
0.394
0.372
0.342
0.306
0.22
0.126
0.042
0.016
0.128
0.223
0.226
0.214
0.228
0.248
0.248
0.234
0.222
0.168
0.112
0.156
0.234
0.278
0.316
0.392
0.458
0.506
0.558
0.588
0.59
0.62
0.624
0.604
0.526
0.434
0.362
0.378
0.398
0.386
0.26
0.104
-0.038
-0.136
-0.12
-0.088
-0.086
-0.092
-0.072
-0.076
-0.164
-0.312
-0.506
-0.67
-0.678
-0.546
-0.42
-0.302
-0.158
-0.014
0.122
0.223
0.228
0.14
-0.106
-0.414
-0.636
-0.492
-0.144
0.132
0.198
0.172
-0.074
-0.436
-0.706
-0.784
-0.672
-0.524
-0.424
-0.404
-0.406
-0.44
-0.52
-0.568
-0.508
-0.324
-0.102
0.076
0.18
0.188
0.154
0.086
0.122
0.239
0.348
0.396
0.386
0.242
0.032
-0.146
-0.232
-0.174
-0.142
-0.142
-0.194
-0.232
-0.192
-0.132
-0.06
-0.02
0.064
0.199
0.284
0.298
0.298
0.302
0.376
0.476
0.556
0.564
0.502
0.35
0.236
0.15
0.134
0.217
0.286
0.408
0.576
0.718
0.824
0.876
0.874
0.824
0.732
0.574
0.366
0.156
0.072
0.138
0.201
0.202
0.146
-0.016
-0.24
-0.368
-0.436
-0.458
-0.404
-0.346
-0.286
-0.218
-0.186
-0.16
-0.096
0.022
0.112
0.17
0.18
0.138
-0.05
-0.212
-0.344
-0.438
-0.43
-0.408
-0.398
-0.328
-0.202
-0.08
0.04
0.09
0.076
-0.02
-0.17
-0.266
-0.3
-0.262
-0.222
-0.22
-0.238
-0.222
-0.2
-0.2
-0.218
-0.25
-0.286
-0.35
-0.38
-0.368
-0.29
-0.198
-0.152
-0.132
-0.11
-0.072
-0.016
0.102
0.205
0.22
0.228
0.23
0.208
0.218
0.216
0.216
0.192
0.132
0.058
0.03
0.094
0.204
0.32
0.398
0.404
0.388
0.316
0.172
0.08
0.158
0.317
0.468
0.492
0.458
0.294
0.032
-0.244
-0.458
-0.506
-0.376
-0.204
-0.022
0.098
0.114
0.068
-0.05
-0.188
-0.308
-0.292
-0.218
-0.208
-0.236
-0.326
-0.444
-0.506
-0.432
-0.354
-0.284
-0.22
-0.186
-0.088
0.016
0.04
0.054
0.06
0.06
0.046
0.016
-0.004
-0.038
-0.094
-0.12
-0.084
-0.084
-0.126
-0.086
0.01
0.184
0.395
0.454
0.434
0.294
0.13
0.006
0.078
0.198
0.22
0.19
0.082
-0.058
-0.282
-0.468
-0.592
-0.58
-0.434
-0.256
-0.108
0.018
0.144
0.237
0.306
0.344
0.346
0.358
0.424
0.524
0.588
0.592
0.558
0.41
0.158
0.0
0.156
0.381
0.582
0.628
0.594
0.454
0.372
0.412
0.446
0.444
0.34
0.164
0.066
0.176
0.287
0.338
0.338
0.284
0.226
0.272
0.324
0.324
0.238
0.126
0.028
0.022
0.114
0.168
0.176
0.206
0.227
0.226
0.206
0.148
0.084
0.036
0.034
0.036
0.004
-0.016
0.026
0.116
0.235
0.316
0.32
0.256
0.124
-0.076
-0.328
-0.52
-0.638
-0.676
-0.548
-0.322
-0.044
0.191
0.312
0.314
0.222
0.012
-0.216
-0.376
-0.352
-0.202
-0.082
-0.024
-0.01
-0.024
-0.14
-0.236
-0.302
-0.316
-0.204
-0.038
0.114
0.253
0.332
0.336
0.308
0.2
0.008
-0.218
-0.466
-0.618
-0.592
-0.482
-0.306
-0.162
-0.016
0.15
0.256
0.288
0.284
0.238
0.142
-0.02
-0.014
-0.006
0.036
0.052
0.03
-0.082
-0.198
-0.296
-0.268
-0.08
0.104
0.303
0.422
0.478
0.488
0.504
0.582
0.618
0.614
0.54
0.468
0.438
0.398
0.356
0.244
0.014
-0.216
-0.364
-0.412
-0.42
-0.438
-0.458
-0.36
-0.22
-0.12
-0.038
0.016
0.06
0.126
0.245
0.374
0.472
0.538
0.55
0.542
0.496
0.404
0.328
0.276
0.19
0.102
0.044
-0.044
-0.05
-0.046
-0.056
-0.068
-0.068
-0.068
-0.074
-0.072
-0.078
-0.13
-0.182
-0.298
-0.456
-0.514
-0.394
-0.242
-0.1
-0.022
-0.02
-0.064
-0.192
-0.422
-0.734
-1.072
-1.222
-1.088
-0.916
-0.772
-0.698
-0.648
-0.556
-0.422
-0.278
-0.102
0.098
0.239
0.268
0.268
0.234
0.118
0.036
-0.028
0.016
0.134
0.29
0.382
0.39
0.35
0.152
-0.11
-0.264
-0.136
0.05
0.237
0.294
0.29
0.234
0.182
0.15
0.128
0.178
0.214
0.26
0.326
0.404
0.414
0.37
0.244
0.046
-0.176
-0.228
-0.052
0.229
0.476
0.59
0.59
0.498
0.33
0.184
0.184
0.32
0.484
0.59
0.618
0.62
0.594
0.508
0.416
0.322
0.218
0.166
0.158
0.164
0.237
0.294
0.304
0.296
0.234
0.128
-0.092
-0.32
-0.54
-0.662
-0.57
-0.37
-0.2
-0.07
-0.026
-0.034
-0.09
-0.164
-0.268
-0.356
-0.274
-0.098
0.09
0.235
0.316
0.32
0.31
0.358
0.376
0.37
0.314
0.174
-0.066
-0.392
-0.66
-0.758
-0.54
-0.282
-0.114
-0.056
-0.056
-0.108
-0.202
-0.318
-0.398
-0.394
-0.242
-0.052
0.11
0.148
0.144
0.11
0.052
0.002
-0.026
-0.06
-0.126
-0.154
-0.076
0.044
0.154
0.184
0.168
0.024
-0.17
-0.312
-0.378
-0.266
-0.162
-0.098
-0.084
-0.086
-0.124
-0.202
-0.236
-0.3
-0.392
-0.456
-0.394
