0.006
0.29
0.402
0.41
0.396
0.42
0.529
0.636
0.674
0.674
0.64
0.566
0.498
0.436
0.394
0.434
0.514
0.616
0.656
0.648
0.59
0.472
0.26
0.064
-0.056
-0.064
0.016
0.068
0.07
0.062
0.078
0.116
0.178
0.284
0.429
0.552
0.628
0.642
0.614
0.512
0.372
0.34
0.396
0.498
0.58
0.594
0.584
0.508
0.356
0.122
-0.092
-0.352
-0.572
-0.672
-0.536
-0.344
-0.192
-0.08
-0.046
-0.048
-0.072
-0.102
-0.132
-0.186
-0.272
-0.374
-0.39
-0.352
-0.35
-0.358
-0.358
-0.304
-0.216
-0.094
-0.056
-0.066
-0.124
-0.178
-0.2
-0.264
-0.388
-0.512
-0.602
-0.528
-0.382
-0.276
-0.198
-0.094
0.08
0.226
0.362
0.435
0.43
0.342
0.226
0.162
0.152
0.136
0.106
0.056
0.068
0.206
0.284
0.306
0.3
0.194
0.058
0.092
0.214
0.266
0.266
0.214
0.086
0.024
0.134
0.218
0.218
0.138
-0.05
-0.25
-0.352
-0.268
-0.172
-0.134
-0.132
-0.152
-0.208
-0.282
-0.32
-0.28
-0.142
0.044
0.208
0.328
0.388
0.414
0.455
0.508
0.516
0.494
0.42
0.312
0.226
0.278
0.376
0.388
0.336
0.19
0.0
-0.16
-0.21
-0.198
-0.2
-0.222
-0.204
-0.136
-0.052
0.002
0.004
-0.02
-0.108
-0.162
-0.208
-0.238
-0.262
-0.3
-0.342
-0.308
-0.196
-0.062
0.07
0.104
0.104
0.102
0.196
0.362
0.511
0.544
0.522
0.392
0.222
0.092
0.016
-0.004
0.04
0.176
0.366
0.484
0.498
0.462
0.306
0.174
0.106
0.12
0.182
0.204
0.234
0.288
0.306
0.29
0.234
0.21
0.176
0.148
0.186
0.19
0.182
0.17
0.118
-0.002
-0.188
-0.396
-0.57
-0.668
-0.664
-0.66
-0.692
-0.786
-0.916
-1.006
-0.828
-0.53
-0.256
-0.058
0.0
-0.008
-0.094
-0.154
-0.192
-0.22
-0.202
-0.16
-0.064
0.088
0.25
0.392
0.443
0.442
0.414
0.34
0.248
0.186
0.128
0.014
-0.162
-0.376
-0.532
-0.422
-0.23
-0.104
-0.04
-0.01
-0.018
-0.068
-0.084
-0.102
-0.134
-0.032
0.088
0.202
0.31
0.332
0.318
0.38
0.497
0.56
0.564
0.516
0.322
0.066
-0.116
-0.158
-0.152
-0.156
-0.166
-0.118
0.014
0.184
0.282
0.284
0.204
0.066
-0.1
-0.272
-0.38
-0.43
-0.422
-0.388
-0.338
-0.304
-0.26
-0.214
-0.112
0.022
0.17
0.278
0.322
0.334
0.354
0.366
0.366
0.354
0.3
0.198
0.234
0.344
0.457
0.464
0.422
0.286
0.062
-0.092
-0.17
-0.142
-0.036
0.088
0.186
0.24
0.242
0.204
0.134
0.182
0.28
0.38
0.422
0.416
0.314
0.198
0.264
0.377
0.452
0.454
0.36
0.128
-0.066
-0.142
-0.154
-0.182
-0.298
-0.484
-0.656
-0.58
-0.47
-0.416
-0.416
-0.466
-0.526
-0.42
-0.268
-0.166
-0.124
-0.122
-0.148
-0.102
-0.024
0.022
0.024
0.01
-0.006
0.068
0.208
0.322
0.332
0.296
0.182
0.022
-0.126
-0.208
-0.122
0.0
0.146
0.222
0.224
0.124
-0.14
-0.444
-0.658
-0.59
-0.36
-0.142
0.04
0.144
0.214
0.27
0.288
0.27
0.134
-0.092
-0.362
-0.602
-0.738
-0.648
-0.508
-0.356
-0.232
-0.164
-0.116
-0.064
0.018
0.09
0.16
0.206
0.21
0.188
0.138
0.12
0.116
0.104
0.092
0.034
-0.066
-0.022
0.072
0.166
0.194
0.188
0.088
-0.032
0.026
0.202
0.343
0.372
0.354
0.212
0.058
0.162
0.34
0.386
0.368
0.212
-0.052
-0.19
-0.074
0.082
0.144
0.144
0.11
0.08
0.082
0.114
0.162
0.2
0.264
0.345
0.434
0.474
0.474
0.446
0.39
0.32
0.264
0.27
0.27
0.262
0.252
0.234
0.2
0.14
0.078
0.058
0.142
0.248
0.276
0.26
0.178
0.056
-0.032
0.018
0.084
0.092
0.092
0.08
0.1
0.216
0.343
0.382
0.38
0.332
0.266
0.312
0.396
0.444
0.44
0.346
0.2
0.128
0.124
0.124
0.094
-0.006
-0.144
-0.116
-0.04
0.026
0.026
-0.046
-0.158
-0.228
-0.168
-0.104
-0.034
-0.006
-0.006
-0.018
-0.068
-0.178
-0.382
-0.542
-0.606
-0.536
-0.47
-0.436
-0.434
-0.456
-0.47
-0.416
-0.358
-0.336
-0.34
-0.38
-0.454
-0.488
-0.414
-0.342
-0.302
-0.304
-0.372
-0.502
-0.63
-0.746
-0.696
-0.568
-0.408
-0.24
-0.054
0.12
0.264
0.326
0.332
0.304
0.208
0.142
0.114
0.074
0.032
0.026
0.024
0.03
0.036
0.028
-0.012
-0.02
-0.042
-0.134
-0.264
-0.406
-0.446
-0.308
-0.154
-0.032
0.084
0.166
0.228
0.306
0.427
0.496
0.51
0.494
0.378
0.176
-0.052
-0.172
-0.126
-0.098
