0.084
0.098
0.09
0.056
0.094
0.152
0.188
0.178
0.046
-0.172
-0.334
-0.36
-0.25
-0.15
-0.072
0.048
0.21
0.351
0.414
0.416
0.364
0.196
0.004
-0.152
-0.252
-0.33
-0.322
-0.278
-0.23
-0.116
0.032
0.13
0.176
0.176
0.14
0.052
-0.016
-0.044
-0.102
-0.234
-0.44
-0.714
-0.948
-1.056
-0.91
-0.622
-0.262
0.056
0.266
0.331
0.33
0.286
0.23
0.152
0.1
0.068
0.018
-0.044
-0.118
-0.214
-0.246
-0.208
-0.132
-0.08
-0.07
-0.082
-0.07
-0.018
0.07
0.186
0.333
0.54
0.754
0.92
0.958
0.95
0.876
0.73
0.544
0.37
0.214
0.066
-0.058
-0.052
0.064
0.196
0.27
0.276
0.226
0.096
0.028
0.108
0.22
0.294
0.302
0.28
0.248
0.275
0.31
0.348
0.35
0.328
0.292
0.268
0.256
0.186
0.112
0.0
-0.156
-0.286
-0.384
-0.322
-0.192
-0.026
0.12
0.152
0.138
0.056
-0.082
-0.268
-0.43
-0.478
-0.346
-0.178
-0.046
0.0
0.0
-0.056
-0.158
-0.234
-0.25
-0.19
-0.096
-0.022
-0.022
-0.076
-0.154
-0.224
-0.282
-0.34
-0.334
-0.342
-0.342
-0.242
-0.166
-0.146
-0.154
-0.24
-0.392
-0.498
-0.386
-0.21
-0.02
0.094
0.106
0.066
-0.072
-0.266
-0.47
-0.62
-0.542
-0.318
0.026
0.421
0.7
0.85
0.87
0.836
0.694
0.542
0.442
0.358
0.338
0.418
0.544
0.642
0.73
0.744
0.7
0.57
0.476
0.426
0.472
0.498
0.488
0.38
0.222
0.112
0.06
0.136
0.24
0.329
0.364
0.364
0.276
0.078
-0.112
-0.146
-0.032
0.088
0.134
0.126
0.062
0.008
0.102
0.192
0.257
0.288
0.28
0.22
0.164
0.126
0.144
0.19
0.198
0.182
0.15
0.108
0.028
-0.048
-0.088
-0.052
0.01
0.034
0.012
-0.134
-0.352
-0.546
-0.62
-0.524
-0.432
-0.382
-0.356
-0.334
-0.334
-0.35
-0.402
-0.5
-0.596
-0.68
-0.584
-0.45
-0.31
-0.184
-0.092
-0.016
0.064
0.078
0.068
0.014
-0.062
-0.14
-0.186
-0.24
-0.368
-0.548
-0.7
-0.698
-0.54
-0.318
-0.146
-0.086
-0.028
0.11
0.277
0.402
0.45
0.446
0.332
0.13
-0.008
-0.106
-0.198
-0.262
-0.258
-0.094
0.118
0.271
0.304
0.294
0.194
0.072
0.156
0.354
0.544
0.608
0.598
0.494
0.288
0.03
-0.174
-0.324
-0.386
-0.258
-0.1
0.014
0.046
0.04
-0.062
-0.216
-0.336
-0.402
-0.304
-0.164
-0.054
0.028
0.138
0.269
0.424
0.564
0.578
0.532
0.368
0.254
0.216
0.258
0.282
0.276
0.21
0.132
0.118
0.118
0.194
0.329
0.45
0.51
0.52
0.502
0.368
0.196
0.078
-0.05
-0.134
-0.142
-0.13
-0.132
-0.16
-0.23
-0.322
-0.358
-0.284
-0.14
0.054
0.222
0.287
0.288
0.248
0.154
0.064
0.078
0.082
0.022
-0.118
-0.204
-0.118
0.024
0.11
0.11
-0.034
-0.124
-0.026
0.162
0.353
0.448
0.452
0.398
0.302
0.176
-0.01
-0.188
-0.294
-0.294
-0.186
-0.044
0.05
0.084
0.086
0.084
0.062
0.068
0.12
0.166
0.228
0.335
0.394
0.394
0.342
0.198
-0.042
-0.286
-0.418
-0.504
-0.552
-0.568
-0.58
-0.53
-0.444
-0.346
-0.252
-0.132
-0.006
0.15
0.299
0.418
0.434
0.402
0.314
0.252
0.24
0.212
0.104
-0.104
-0.394
-0.572
-0.474
-0.406
-0.384
-0.39
-0.458
-0.27
0.02
0.289
0.462
0.53
0.53
0.488
0.464
0.456
0.382
0.286
0.194
0.108
0.05
0.07
0.076
0.106
0.2
0.309
0.37
0.398
0.394
0.314
0.17
0.048
-0.004
0.04
0.13
0.202
0.202
0.168
0.08
-0.102
-0.304
-0.456
-0.548
-0.55
-0.47
-0.384
-0.338
-0.298
-0.278
-0.234
-0.13
0.018
0.124
0.15
0.136
0.056
-0.048
-0.118
-0.126
-0.148
-0.218
-0.332
-0.454
-0.41
-0.218
0.0
0.192
0.401
0.54
0.654
0.75
0.762
0.752
0.698
0.622
0.58
0.548
0.504
0.472
0.428
0.334
0.228
0.1
-0.058
-0.17
-0.206
-0.238
-0.274
-0.3
-0.372
-0.472
-0.56
-0.642
-0.738
-0.784
-0.67
-0.474
-0.206
0.018
0.15
0.23
0.246
0.24
0.208
0.166
0.092
0.002
-0.02
-0.02
-0.008
0.014
0.042
0.044
0.026
-0.038
-0.146
-0.286
-0.382
-0.32
-0.246
-0.12
-0.008
0.044
0.048
0.014
-0.112
-0.262
-0.22
-0.07
0.032
0.044
-0.002
-0.148
-0.228
-0.084
0.034
0.054
0.04
-0.046
-0.09
0.046
0.136
0.14
0.106
0.016
-0.08
-0.132
-0.186
-0.28
-0.42
-0.51
-0.344
-0.11
0.112
0.279
0.352
0.394
0.458
0.464
0.438
