-0.028
0.044
0.048
0.01
-0.09
-0.086
0.098
0.329
0.466
0.484
0.44
0.308
0.186
0.084
0.016
-0.052
-0.15
-0.268
-0.424
-0.59
-0.726
-0.686
-0.46
-0.166
0.062
0.192
0.22
0.218
0.178
0.078
-0.086
-0.31
-0.522
-0.676
-0.674
-0.58
-0.5
-0.498
-0.584
-0.758
-0.902
-0.784
-0.502
-0.208
-0.032
0.004
0.002
0.044
0.142
0.267
0.406
0.494
0.598
0.69
0.722
0.718
0.64
0.4
0.046
-0.33
-0.594
-0.506
-0.21
0.07
0.186
0.188
0.13
-0.002
-0.038
0.07
0.194
0.271
0.302
0.304
0.262
0.154
0.03
-0.054
-0.078
-0.064
-0.064
-0.072
-0.122
-0.11
-0.054
0.034
0.054
0.04
-0.018
-0.066
-0.08
-0.084
-0.112
-0.184
-0.29
-0.276
-0.09
0.088
0.208
0.222
0.184
0.08
0.014
-0.006
-0.008
-0.038
-0.09
-0.166
-0.236
-0.256
-0.214
-0.126
0.054
0.226
0.301
0.31
0.304
0.238
0.172
0.226
0.34
0.456
0.538
0.548
0.49
0.336
0.17
0.052
0.09
0.126
0.116
0.034
-0.13
-0.356
-0.55
-0.69
-0.678
-0.5
-0.232
-0.004
0.108
0.112
0.028
-0.17
-0.436
-0.652
-0.614
-0.406
-0.13
0.136
0.281
0.304
0.296
0.218
0.102
0.084
0.212
0.332
0.384
0.38
0.278
0.072
-0.116
-0.226
-0.226
-0.192
-0.184
-0.2
-0.252
-0.296
-0.304
-0.202
-0.068
0.016
0.036
0.036
0.01
-0.092
-0.204
-0.294
-0.338
-0.368
-0.322
-0.254
-0.196
-0.112
0.006
0.11
0.224
0.327
0.346
0.34
0.308
0.198
0.026
-0.168
-0.314
-0.318
-0.112
0.134
0.295
0.31
0.266
0.154
0.028
-0.068
-0.156
-0.316
-0.486
-0.528
-0.324
-0.038
0.258
0.459
0.574
0.6
0.6
0.572
0.556
0.584
0.59
0.582
0.496
0.278
-0.014
-0.332
-0.604
-0.756
-0.594
-0.316
-0.03
0.14
0.168
0.152
0.034
-0.086
0.004
0.148
0.365
0.598
0.78
0.86
0.892
0.892
0.82
0.69
0.514
0.332
0.166
0.086
0.116
0.156
0.158
0.096
-0.082
-0.264
-0.246
-0.062
0.154
0.24
0.238
0.132
-0.078
-0.214
-0.17
-0.004
0.182
0.283
0.314
0.352
0.364
0.364
0.372
0.366
0.3
0.188
0.054
-0.05
-0.126
-0.19
-0.186
-0.096
0.054
0.19
0.2
0.118
-0.154
-0.504
-0.764
-0.74
-0.594
-0.546
-0.504
-0.432
-0.276
-0.04
0.178
0.25
0.248
0.204
0.156
0.14
0.186
0.196
0.182
0.124
0.04
-0.006
-0.008
0.044
0.054
0.046
0.0
-0.03
-0.004
0.068
0.11
0.11
0.086
0.052
0.028
0.066
0.152
0.22
0.222
0.222
0.222
0.208
0.184
0.102
-0.008
-0.156
-0.282
-0.326
-0.31
-0.244
-0.124
-0.022
0.022
0.02
-0.024
-0.116
-0.12
0.012
0.138
0.204
0.206
0.18
0.14
0.122
0.162
0.168
0.146
0.108
0.024
-0.05
0.038
0.126
0.228
0.295
0.296
0.276
0.322
0.35
0.35
0.31
0.178
-0.012
-0.186
-0.284
-0.326
-0.352
-0.332
-0.29
-0.246
-0.234
-0.236
-0.274
-0.346
-0.386
-0.4
-0.416
-0.402
-0.35
-0.26
-0.162
-0.158
-0.224
-0.356
-0.482
-0.416
-0.21
0.0
0.062
0.058
0.06
0.152
0.258
0.333
0.34
0.32
0.208
0.102
0.152
0.232
0.298
0.358
0.412
0.484
0.58
0.65
0.658
0.632
0.58
0.508
0.452
0.414
0.35
0.226
0.068
-0.05
-0.148
-0.212
-0.244
-0.314
-0.346
-0.304
-0.264
-0.264
-0.284
-0.354
-0.422
-0.422
-0.376
-0.362
-0.342
-0.34
-0.364
-0.438
-0.526
-0.608
-0.596
-0.436
-0.24
-0.084
0.018
0.07
0.116
0.178
0.214
0.212
0.166
0.128
0.158
0.238
0.355
0.468
0.492
0.49
0.436
0.312
0.102
-0.152
-0.368
-0.492
-0.452
-0.322
-0.248
-0.246
-0.29
-0.394
-0.538
-0.616
-0.578
-0.52
-0.428
-0.346
-0.252
-0.14
-0.066
-0.032
-0.04
-0.09
-0.098
0.01
0.196
0.429
0.594
0.704
0.774
0.79
0.784
0.734
0.62
0.438
0.232
0.094
0.076
0.164
0.261
0.348
0.414
0.5
0.56
0.562
0.514
0.338
0.068
-0.186
-0.306
-0.192
0.014
0.242
0.403
0.506
0.56
0.566
0.546
0.496
0.532
0.602
0.658
0.684
0.69
0.674
0.638
0.678
0.706
0.702
0.62
0.47
0.296
0.132
0.154
0.238
0.317
0.346
0.338
0.242
0.1
-0.022
-0.088
-0.122
-0.106
-0.108
-0.108
-0.11
-0.11
-0.12
-0.17
-0.266
-0.294
-0.274
-0.266
-0.284
-0.402
-0.564
-0.698
-0.696
-0.598
-0.448
-0.382
-0.35
-0.35
-0.412
-0.476
-0.412
