-360
-208
-80
-12
40
60
56
34
4
-64
-128
-134
-102
-104
-140
-222
-286
-316
-266
-206
-156
-84
-30
-28
-82
-162
-232
-206
-68
64
106
102
20
-168
-320
-232
-88
2
18
-6
-114
-214
-262
-300
-304
-226
-168
-154
-152
-124
-18
205
422
476
462
342
154
4
96
218
262
262
238
164
164
285
392
478
488
474
442
456
480
476
406
204
-66
-298
-284
-114
18
56
48
-20
-106
-98
-96
-136
-214
-292
-356
-278
-260
-292
-396
-502
-540
-408
-218
-52
60
120
116
0
-228
-492
-648
-508
-302
-202
-202
-262
-292
-280
-202
-140
-104
-46
62
148
243
354
456
570
692
732
716
624
512
422
416
508
550
548
516
486
508
508
470
332
34
-302
-524
-436
-172
96
269
360
380
368
286
178
84
-12
56
120
126
106
56
14
-26
26
62
68
68
62
52
28
92
215
330
456
518
520
498
414
270
80
-104
-216
-294
-314
-324
-398
-478
-456
-356
-262
-210
-186
-132
-14
84
94
72
-2
-64
-8
76
92
58
-2
76
187
288
304
264
86
-122
-312
-492
-592
-622
-626
-554
-422
-280
-160
-90
-88
-108
-154
-160
-90
-4
62
66
30
-52
-152
-216
-58
120
227
278
278
226
114
112
176
234
294
314
358
460
562
594
588
482
260
20
-174
-232
-258
-328
-428
-472
-310
-14
285
446
460
406
262
94
6
28
114
240
328
394
448
448
378
258
120
-8
-78
-94
-112
-190
-208
-114
30
191
296
310
296
236
136
-54
-290
-486
-622
-604
-486
-358
-254
-138
-94
-96
-130
-160
-214
-192
-82
2
34
34
2
-70
-150
-116
-96
-88
-92
-118
-202
-258
-198
-110
26
177
296
410
512
542
534
480
396
346
572
886
1164
1252
1230
974
524
96
-174
-302
-290
-282
-238
-166
-76
-12
-4
-22
-58
-102
12
146
213
250
260
256
210
134
-12
-280
-566
-746
-708
-506
-294
-174
-138
-140
-174
-216
-172
-88
-66
-78
-166
-228
-122
88
211
216
164
-14
-256
-466
-576
-572
-454
-276
-148
-92
-74
-80
-180
-282
-320
-300
-222
-92
-30
-28
-44
-88
-126
-86
34
144
199
200
164
24
-180
-336
-460
-406
-288
-202
-110
-2
48
70
76
70
34
72
122
144
144
114
44
10
24
74
154
283
430
538
576
576
534
412
288
186
112
82
126
185
264
346
360
342
262
154
32
-32
4
12
16
68
140
269
442
580
674
736
772
768
686
552
410
242
152
183
216
260
260
192
8
-242
-440
-496
-310
-140
-48
4
38
88
136
134
66
-128
-386
-592
-596
-386
-108
162
339
442
456
430
380
360
366
386
402
392
308
218
158
231
340
372
366
312
246
206
172
144
80
-72
-142
26
271
516
630
626
496
266
102
140
352
484
490
436
244
-50
-384
-640
-762
-730
-614
-520
-420
-298
-146
-34
24
28
8
-40
-92
-64
-18
28
44
30
-104
-344
-586
-794
-876
-804
-736
-676
-648
-648
-676
-688
-698
-754
-860
-968
-1024
-818
-474
-138
108
243
256
226
142
52
-82
-248
-372
-482
-538
-486
-402
-300
-88
130
287
354
350
248
104
110
236
370
