-380
-420
-462
-530
-552
-344
-64
190
359
410
422
450
466
456
338
108
-156
-392
-548
-616
-622
-620
-566
-496
-410
-290
-224
-190
-122
-104
-112
-146
-198
-266
-344
-280
-208
-154
-120
-56
124
487
882
1062
1078
942
538
60
-240
-172
-2
100
126
118
72
38
24
-38
-102
-188
-328
-472
-532
-526
-470
-340
-200
-66
90
164
170
148
178
226
269
278
248
126
-20
-128
-196
-188
-84
44
142
162
150
60
-26
94
277
462
624
686
688
676
644
556
432
330
282
304
320
312
248
132
-20
-226
-426
-602
-754
-790
-674
-548
-432
-300
-232
-200
-196
-196
-192
-110
12
110
180
218
238
303
422
566
690
786
844
842
746
606
500
502
640
750
754
684
548
404
280
230
206
86
-118
-274
-364
-212
26
152
166
142
74
-4
36
102
114
112
102
64
-4
-108
-164
-116
-10
68
76
30
-78
-154
-206
-142
-116
-134
-244
-442
-696
-934
-1040
-978
-862
-732
-586
-356
-64
202
363
404
396
302
184
186
232
282
304
326
336
358
424
460
500
582
654
748
898
1006
1040
1038
972
854
708
624
632
622
560
424
164
-140
-344
-380
-264
-106
20
50
52
40
-34
-158
-240
-272
-316
-386
-464
-552
-450
-288
-240
-244
-318
-444
-538
-452
-414
-416
-462
-546
-668
-800
-924
-1044
-1134
-1066
-990
-888
-750
-544
-298
-84
50
56
-6
-154
-262
-312
-168
-16
108
196
247
248
242
312
372
394
394
370
324
302
322
320
272
168
62
-2
18
24
10
-68
-162
-212
-196
-70
52
126
166
168
126
24
-48
-12
146
353
502
532
524
452
316
190
112
24
-144
-302
-404
-446
-430
-432
-484
-586
-588
-518
-426
-286
-142
62
335
518
560
548
452
350
306
418
512
600
688
756
796
816
812
742
594
420
300
224
190
168
114
44
-2
26
110
277
390
472
510
508
438
296
132
-72
-298
-432
-378
-244
-88
22
60
64
54
12
-76
-176
-244
-250
-198
-164
-162
-204
-262
-282
-330
-392
-462
-622
-738
-710
-680
-678
-630
-532
-388
-198
-82
-34
34
158
295
402
438
432
334
202
90
-48
-92
-32
42
90
94
74
-10
-90
-136
-204
-264
-302
-342
-360
-296
-264
-264
-288
-384
-550
-670
-620
-460
-246
-44
78
100
92
16
-148
-340
-490
-586
-540
-302
-12
247
458
510
494
452
454
434
400
370
342
374
482
542
542
506
442
366
286
242
208
160
122
116
100
154
240
277
270
212
76
-128
-244
-204
-134
-66
-60
-118
-286
-474
-616
-562
-356
-180
-94
-38
8
84
146
174
168
88
6
26
52
52
30
-24
-66
90
293
474
602
612
538
336
98
-180
-404
-384
-224
-66
26
26
-74
-212
-160
4
178
241
234
118
-18
-76
-104
-106
-110
-130
-186
-142
-34
128
339
484
564
592
610
608
580
534
426
268
112
16
-42
0
64
174
287
380
392
352
218
68
-44
-12
138
268
382
496
582
628
628
578
420
258
170
156
222
261
246
138
24
-84
-180
-148
-48
46
108
120
94
-50
-238
-374
-472
-440
-330
-186
-26
160
293
394
444
436
302
94
-66
