0.176
0.046
-0.082
-0.018
0.148
0.351
0.424
0.426
0.406
0.328
0.226
0.142
0.05
-0.066
-0.232
-0.372
-0.416
-0.284
-0.106
0.108
0.321
0.516
0.6
0.602
0.516
0.308
0.06
-0.114
-0.122
-0.048
0.072
0.206
0.298
0.304
0.246
0.052
-0.244
-0.54
-0.656
-0.674
-0.658
-0.648
-0.594
-0.44
-0.198
0.034
0.156
0.174
0.152
0.062
0.002
0.062
0.08
0.058
-0.066
-0.294
-0.468
-0.398
-0.232
-0.162
-0.162
-0.186
-0.188
-0.12
-0.084
-0.09
-0.21
-0.44
-0.574
-0.484
-0.264
-0.022
0.148
0.261
0.356
0.402
0.454
0.512
0.516
0.49
0.448
0.414
0.402
0.366
0.354
0.346
0.422
0.56
0.64
0.64
0.566
0.432
0.304
0.228
0.287
0.356
0.398
0.456
0.494
0.488
0.396
0.28
0.17
0.162
0.242
0.276
0.272
0.218
0.142
0.058
0.098
0.212
0.295
0.338
0.342
0.324
0.278
0.188
0.068
-0.062
-0.2
-0.262
-0.262
-0.29
-0.356
-0.412
-0.326
-0.126
0.03
0.04
-0.004
-0.132
-0.284
-0.29
-0.134
-0.046
-0.034
-0.05
-0.11
-0.226
-0.344
-0.352
-0.282
-0.124
0.078
0.2
0.21
0.186
0.154
0.196
0.381
0.562
0.664
0.672
0.65
0.67
0.74
0.86
0.9
0.882
0.718
0.446
0.138
-0.124
-0.218
-0.106
0.044
0.18
0.202
0.176
0.082
-0.042
-0.12
-0.066
-0.036
-0.028
-0.034
-0.08
-0.05
0.038
0.12
0.134
0.104
-0.026
-0.192
-0.318
-0.306
-0.194
-0.104
-0.088
-0.09
-0.124
-0.174
-0.108
0.032
0.15
0.218
0.263
0.264
0.246
0.236
0.196
0.106
-0.072
-0.252
-0.386
-0.454
-0.504
-0.564
-0.632
-0.64
-0.532
-0.384
-0.282
-0.242
-0.242
-0.29
-0.328
-0.264
-0.208
-0.186
-0.19
-0.284
-0.438
-0.444
-0.348
-0.276
-0.27
-0.308
-0.44
-0.458
-0.294
-0.138
-0.034
0.012
0.012
-0.002
-0.012
-0.056
-0.192
-0.35
-0.37
-0.244
-0.08
0.068
0.162
0.2
0.305
0.418
0.436
0.428
0.354
0.196
0.016
-0.08
-0.012
0.042
0.054
0.04
-0.064
-0.212
-0.3
-0.272
-0.172
-0.05
0.064
0.136
0.142
0.132
0.074
0.0
0.012
0.134
0.253
0.326
0.336
0.308
0.176
0.078
0.038
0.002
-0.042
-0.154
-0.282
-0.348
-0.27
-0.196
-0.166
-0.168
-0.22
-0.294
-0.33
-0.356
-0.434
-0.498
-0.424
-0.266
-0.028
0.257
0.508
0.694
0.762
0.76
0.664
0.502
0.372
0.37
0.464
0.506
0.498
0.408
0.266
0.17
0.144
0.202
0.214
0.19
0.142
0.162
0.21
0.24
0.246
0.23
0.21
0.283
0.372
0.404
0.396
0.338
0.256
0.252
0.294
0.3
0.286
0.244
0.258
0.336
0.474
0.562
0.566
0.536
0.448
0.332
0.194
0.072
0.024
0.052
0.094
0.096
0.054
-0.026
-0.148
-0.302
-0.462
-0.596
-0.576
-0.356
-0.088
0.122
0.166
0.15
0.032
-0.126
-0.262
-0.366
-0.428
-0.456
-0.456
-0.422
-0.422
-0.466
-0.542
-0.646
-0.704
-0.55
-0.354
-0.152
-0.03
0.026
0.07
0.094
0.104
0.094
0.024
-0.052
-0.06
0.038
0.184
0.25
0.244
0.15
0.02
-0.094
-0.108
0.056
0.262
0.369
0.436
0.444
0.418
0.348
0.284
0.22
0.166
0.078
-0.012
-0.076
-0.098
-0.096
-0.124
-0.19
-0.316
-0.518
-0.752
-0.906
-0.902
-0.734
-0.558
-0.444
-0.44
-0.498
-0.47
-0.354
-0.144
0.104
0.254
0.301
0.332
0.336
0.328
0.384
0.51
0.626
0.724
0.744
0.712
0.512
0.244
0.052
-0.002
0.074
0.122
0.114
0.032
0.022
0.092
0.184
0.264
0.28
0.258
0.162
0.068
0.066
0.124
0.19
0.2
0.17
0.102
0.102
0.124
0.176
0.228
0.27
0.353
0.468
0.524
0.52
0.428
0.256
0.04
-0.098
-0.06
-0.02
-0.024
-0.114
-0.242
-0.338
-0.22
0.002
0.168
0.258
0.295
0.33
0.36
0.362
0.324
0.21
0.056
0.018
0.136
0.306
0.412
0.424
0.402
0.36
0.358
0.356
0.3
0.14
-0.058
-0.19
-0.184
-0.136
-0.112
-0.11
-0.092
-0.034
0.002
0.014
0.014
0.06
0.152
0.262
0.335
0.354
0.348
0.274
0.146
0.072
0.11
0.208
0.252
0.25
0.172
0.002
-0.194
-0.376
-0.528
-0.646
-0.746
-0.73
-0.584
-0.408
-0.226
-0.096
-0.016
0.044
0.088
0.108
0.104
0.116
0.212
0.379
0.53
0.572
0.554
0.358
0.056
-0.194
-0.392
-0.502
-0.56
-0.558
-0.474
-0.352
-0.214
-0.19
-0.204
-0.252
-0.328
-0.402
-0.386
-0.386
-0.424
-0.45
-0.468
-0.488
-0.548
-0.62
-0.72
-0.816
-0.724
