-36
-28
-16
-14
-16
-34
-70
-116
-158
-180
-150
-94
-32
20
48
48
34
-8
-74
-150
-232
-314
-392
-454
-472
-408
-294
-146
2
122
194
210
208
174
122
74
44
32
32
32
32
32
46
76
130
202
284
364
424
452
452
428
358
250
124
2
-92
-144
-136
-88
-24
42
104
160
204
240
268
294
320
346
370
388
394
394
386
364
330
284
226
158
82
8
-54
-100
-124
-122
-112
-102
-96
-96
-104
-122
-150
-184
-212
-232
-242
-244
-250
-264
-286
-306
-288
-230
-134
-14
110
220
294
320
320
288
216
118
10
-92
-178
-242
-284
-304
-288
-256
-214
-168
-122
-82
-46
-12
24
60
94
118
124
124
106
72
24
-22
-56
-58
-12
60
148
232
292
314
314
282
212
114
2
-112
-214
-294
-342
-336
-288
-220
-144
-76
-22
14
32
34
32
18
-2
-20
-22
-6
6
8
-6
-42
-112
-196
-272
-310
-268
-196
-118
-58
-30
-24
-28
-44
-62
-76
-92
-116
-148
-190
-236
-276
-302
-284
-224
-122
14
166
310
418
480
492
490
464
432
410
412
424
432
434
430
420
402
376
336
282
210
132
54
-14
-66
-98
-110
-96
-74
-48
-20
6
36
70
116
174
238
306
364
406
424
424
410
368
302
224
148
92
74
102
136
152
152
126
62
-28
-128
-228
-324
-426
-544
-678
-824
-964
-1072
-1116
-1042
-904
-730
-542
-366
-218
-102
-12
54
102
132
148
150
148
140
126
102
68
20
-38
-96
-136
-120
-52
48
164
274
364
424
450
454
446
418
370
306
230
150
76
18
-18
-34
