140
136
122
82
-22
-158
-250
-202
-102
-20
4
-2
-48
-116
-184
-196
-142
-56
4
8
-32
-114
-206
-320
-418
-504
-590
-650
-564
-398
-172
56
242
329
330
310
278
288
300
282
180
6
-170
-138
46
222
276
280
238
122
-18
-128
-238
-318
-260
-198
-190
-222
-310
-426
-320
-114
88
196
192
86
-104
-296
-416
-508
-552
-522
-432
-300
-148
-6
102
176
192
180
122
112
188
309
376
378
336
238
114
-4
-110
-166
-120
0
154
336
428
430
346
90
-230
-446
-272
66
374
506
506
450
320
196
321
498
680
806
816
742
544
278
-20
-298
-530
-650
-718
-702
-642
-516
-396
-226
-80
26
94
140
202
244
242
212
144
58
-2
-40
-56
14
136
260
304
286
126
-104
-138
100
361
462
456
346
176
112
242
372
430
494
604
712
814
840
826
750
634
602
606
600
524
362
152
38
148
280
335
332
244
30
-162
-240
-184
-138
-148
-228
-348
-446
-488
-462
-446
-408
-292
-158
-68
-62
-116
-222
-292
-252
-202
-190
-206
-276
-366
-506
-672
-864
-994
-946
-784
-600
-392
-224
-142
-62
42
196
347
444
458
404
212
38
30
124
192
240
246
236
212
198
188
234
320
418
482
492
488
440
350
276
186
156
158
156
152
136
94
20
-146
-358
-556
-684
-616
-508
-430
-346
-268
-168
-36
28
26
-40
-200
-458
-712
-868
-792
-516
-126
216
427
462
406
222
94
132
220
272
272
194
58
-34
-32
48
166
318
400
426
426
388
300
202
274
393
488
516
508
408
262
112
-30
-76
-104
-130
-136
-176
-264
-360
-464
-558
-542
-460
-352
-282
-264
-222
-128
18
182
276
288
282
304
310
300
212
20
-264
-480
-652
-720
-718
-748
-794
-710
-540
-294
-10
228
397
526
582
608
610
570
514
460
414
374
344
284
238
186
100
24
-72
-164
-282
-386
-492
-634
-700
-644
-526
-404
-320
-280
-246
-184
-116
0
134
302
487
634
718
730
710
616
504
392
298
254
234
230
210
184
170
154
122
24
-80
-200
-160
-58
4
6
-40
-148
-232
-244
-234
-244
-290
-352
-300
-260
-258
-280
-344
-368
-226
-44
100
188
278
343
402
436
432
356
278
294
340
344
318
206
20
-102
-48
108
246
315
316
268
156
-30
-194
-240
-138
-4
106
138
128
92
74
118
168
218
270
359
496
622
674
670
594
502
440
476
498
498
476
418
394
396
446
504
540
566
564
492
348
154
-70
-262
-392
-342
-246
-148
-102
-94
-94
-136
-222
-296
-240
-68
160
353
410
398
270
32
-194
-330
-306
-290
-298
-370
-478
-554
-484
-394
-284
-158
-40
70
90
56
-74
-266
-410
-492
-592
-700
-802
-850
-770
-652
-558
-478
-368
-230
-164
-136
-122
-92
34
226
425
574
652
656
634
596
596
618
618
590
482
284
124
36
24
66
64
2
-124
-262
-382
-346
-244
-174
-152
-156
-122
8
200
387
484
486
418
254
74
-38
-46
-20
0
60
130
230
266
246
128
-40
-202
-172
2
238
493
718
846
860
824
598
252
-100
-364
-434
-256
-102
-26
-22
-84
-232
-376
-358
-240
-52
64
108
110
34
-86
-168
-170
-114
-40
-14
-16
-48
-68
-40
-20
-22
-58
-194
-400
-590
-690
-654
-486
-262
-24
170
258
260
204
68
-102
-268
-378
-466
-540
-576
-502
-402
-254
-104
-24
82
218
369
478
532
562
564
572
602
604
552
440
290
184
282
458
572
582
546
422
286
220
188
150
80
-58
-236
-434
-574
-474
-230
-36
8
-18
-146
-356
-466
-328
-100
136
327
434
442
400
292
176
72
6
14
76
136
192
206
216
216
204
164
68
-32
-112
-158
-154
-166
-230
-382
-524
-550
-412
-214
-52
30
62
60
8
-100
-252
-418
-574
-614
-566
-482
-382
-314
-262
-248
-248
-262
-244
-154
-82
-56
-48
-64
-104
-188
-186
-104
24
226
425
542
606
614
598
542
480
460
440
426
400
304
232
132
16
-86
-216
-314
-202
-6
206
359
380
350
234
4
-238
-426
-472
-310
-170
-110
-82
-90
-148
-186
-176
-160
-120
-16
90
222
315
322
282
166
6
-172
-318
-386
-356
-252
-128
14
122
152
146
116
96
164
251
350
484
616
746
826
832
796
706
620
596
602
602
566
500
366
174
-52
-270
-406
-366
-186
-66
-38
-54
-208
-380
-396
-232
26
229
296
312
310
280
256
264
264
220
110
-38
-242
-434
-666
-890
-1046
-1066
-938
-744
-542
-332
-176
-116
-118
-150
-234
-80
206
505
688
734
718
608
504
402
290
166
44
-18
38
62
64
64
56
84
94
80
-28
-150
-292
-408
-422
-390
-288
-166
-54
20
54
54
20
-40
-156
-290
-374
-380
-314
-228
-202
-176
-140
-120
-88
-86
-134
-260
-380
-374
-262
-86
90
251
442
636
798
892
956
998
1024
1022
962
816
598
452
436
458
460
464
462
442
414
372
266
202
154
172
212
224
214
146
34
-126
-268
-266
-132
34
170
227
228
196
136
128
168
240
256
258
244
198
124
2
-82
-90
-6
32
32
-2
-104
-240
-352
-458
-500
-488
-464
-422
-348
-298
-210
-110
-38
0
36
40
30
2
-12
-30
-54
-98
-180
-210
-168
-110
-70
-70
-122
-188
-222
-220
-216
-150
