-0.096
0.086
0.263
0.414
0.498
0.5
0.462
0.358
0.224
0.096
-0.038
-0.096
-0.152
-0.19
-0.228
-0.276
-0.276
-0.208
-0.162
-0.162
-0.198
-0.306
-0.412
-0.308
-0.124
0.012
0.024
-0.01
-0.124
-0.238
-0.274
-0.258
-0.262
-0.228
-0.086
0.13
0.373
0.47
0.468
0.394
0.258
0.18
0.112
0.054
-0.022
-0.142
-0.204
-0.102
0.048
0.192
0.257
0.262
0.21
0.05
-0.206
-0.51
-0.782
-0.918
-0.77
-0.502
-0.208
0.016
0.116
0.158
0.23
0.313
0.356
0.358
0.306
0.154
-0.02
-0.07
-0.018
0.072
0.094
0.078
-0.022
-0.106
-0.168
-0.124
0.034
0.144
0.166
0.154
0.076
-0.026
-0.002
0.14
0.287
0.338
0.326
0.186
-0.016
-0.294
-0.492
-0.468
-0.244
0.006
0.198
0.288
0.332
0.334
0.294
0.242
0.202
0.16
0.13
0.094
0.08
0.062
0.106
0.168
0.22
0.263
0.266
0.238
0.258
0.338
0.402
0.41
0.378
0.298
0.192
0.09
0.068
0.066
0.018
-0.096
-0.218
-0.296
-0.208
-0.116
-0.11
-0.182
-0.36
-0.55
-0.598
-0.434
-0.25
-0.07
0.16
0.397
0.564
0.586
0.55
0.376
0.17
0.17
0.352
0.528
0.596
0.6
0.538
0.372
0.212
0.05
-0.136
-0.32
-0.456
-0.526
-0.412
-0.23
-0.106
-0.084
-0.096
-0.176
-0.306
-0.29
-0.144
0.044
0.23
0.335
0.416
0.448
0.45
0.446
0.456
0.522
0.582
0.596
0.58
0.482
0.286
0.048
-0.154
-0.25
-0.216
-0.12
-0.032
-0.026
-0.042
-0.056
-0.106
-0.172
-0.19
-0.186
-0.122
0.002
0.094
0.1
0.096
0.05
-0.064
-0.152
-0.226
-0.306
-0.4
-0.46
-0.444
-0.392
-0.382
-0.392
-0.458
-0.528
-0.424
-0.284
-0.168
-0.144
-0.158
-0.248
-0.252
-0.028
0.277
0.522
0.574
0.548
0.368
0.158
0.012
-0.058
0.004
0.08
0.21
0.356
0.446
0.45
0.408
0.328
0.3
0.334
0.36
0.36
0.3
0.18
0.054
-0.022
0.006
0.032
0.06
0.06
0.022
-0.028
-0.126
-0.258
-0.376
-0.428
-0.302
-0.054
0.17
0.333
0.418
0.424
0.392
0.314
0.224
0.09
-0.086
-0.226
-0.314
-0.202
-0.084
-0.032
-0.028
-0.04
-0.088
0.002
0.108
0.174
0.2
0.194
0.16
0.166
0.158
0.118
0.044
-0.05
-0.11
-0.024
0.052
0.084
0.084
0.048
-0.064
-0.234
-0.41
-0.566
-0.724
-0.828
-0.822
-0.72
-0.554
-0.388
-0.27
-0.146
0.03
0.226
0.453
0.65
0.71
0.694
0.584
0.488
0.416
0.414
0.412
0.356
0.206
0.012
-0.054
0.064
0.25
0.359
0.382
0.37
0.31
0.266
0.242
0.254
0.256
0.212
0.09
-0.04
-0.134
-0.134
-0.032
0.076
0.126
0.128
0.11
0.05
-0.058
-0.144
-0.212
-0.256
-0.222
-0.146
-0.08
-0.024
-0.024
-0.128
-0.316
-0.482
-0.51
-0.304
-0.026
0.152
0.202
0.194
0.11
-0.022
-0.066
0.102
0.287
0.44
0.51
0.506
0.39
0.264
0.204
0.224
0.372
0.534
0.618
0.624
0.586
0.412
0.146
-0.054
-0.034
0.068
0.146
0.146
0.076
-0.022
-0.116
-0.226
-0.352
-0.432
-0.406
-0.258
-0.144
-0.106
-0.114
-0.188
-0.274
-0.302
-0.292
-0.226
-0.134
-0.006
0.148
0.196
0.186
0.112
0.006
-0.102
-0.07
0.084
0.212
0.24
0.23
0.14
-0.02
-0.042
0.114
0.184
0.18
0.108
0.032
0.166
0.405
0.546
0.548
0.444
0.244
0.16
0.3
0.472
0.552
0.542
0.4
0.192
-0.052
-0.334
-0.584
-0.764
-0.832
-0.7
-0.582
-0.528
-0.472
-0.398
-0.278
-0.102
0.042
0.1
0.134
0.142
0.14
0.116
0.058
0.028
-0.002
-0.052
-0.102
-0.204
-0.318
-0.288
-0.158
-0.04
0.076
0.112
0.108
0.078
0.032
-0.014
-0.052
-0.024
0.01
0.01
-0.02
-0.086
-0.17
-0.24
-0.252
-0.252
-0.258
-0.192
-0.062
0.078
0.178
0.196
0.168
0.06
-0.028
0.01
0.074
0.124
0.13
0.1
0.126
0.216
0.313
0.384
0.386
0.3
0.102
-0.098
-0.184
-0.18
-0.098
-0.052
-0.046
-0.034
0.062
0.13
0.136
0.114
0.042
-0.048
-0.102
-0.032
0.034
0.1
0.168
0.228
0.246
0.234
0.148
-0.038
-0.262
-0.398
-0.484
-0.52
-0.514
-0.506
-0.476
-0.36
-0.24
-0.18
-0.124
-0.084
-0.056
0.042
0.18
0.333
0.398
0.398
0.344
0.196
-0.024
-0.196
-0.304
-0.33
-0.248
-0.136
-0.072
-0.044
-0.046
-0.116
-0.204
-0.104
0.05
0.23
0.337
0.35
0.322
0.252
0.206
0.148
0.12
0.108
0.078
0.094
0.106
0.096
0.008
-0.12
-0.25
-0.328
-0.232
-0.072
0.05
0.152
