0.272
0.228
0.21
0.132
0.014
-0.124
-0.26
-0.356
-0.356
-0.274
-0.134
0.002
0.088
0.096
0.062
-0.042
-0.192
-0.31
-0.29
-0.232
-0.176
-0.106
-0.09
-0.092
-0.058
0.0
0.058
0.104
0.11
0.09
0.006
-0.08
-0.138
-0.188
-0.272
-0.398
-0.59
-0.78
-0.842
-0.71
-0.504
-0.296
-0.068
0.07
0.112
0.11
0.03
-0.168
-0.4
-0.538
-0.568
-0.432
-0.3
-0.196
-0.116
-0.036
0.038
0.128
0.214
0.234
0.232
0.188
0.13
0.032
-0.052
-0.09
-0.1
-0.106
-0.104
-0.136
-0.152
-0.086
0.008
0.048
0.054
0.04
-0.044
-0.176
-0.312
-0.452
-0.618
-0.674
-0.508
-0.252
0.06
0.294
0.367
0.374
0.394
0.414
0.48
0.576
0.61
0.604
0.568
0.562
0.572
0.63
0.66
0.66
0.588
0.422
0.226
0.036
-0.11
-0.056
0.068
0.198
0.308
0.344
0.334
0.272
0.244
0.24
0.256
0.254
0.202
0.096
0.026
0.022
0.016
0.034
0.072
0.13
0.22
0.256
0.248
0.162
0.066
-0.02
0.018
0.054
0.06
0.026
-0.084
-0.202
-0.318
-0.414
-0.524
-0.654
-0.814
-0.982
-0.962
-0.834
-0.658
-0.472
-0.318
-0.176
-0.058
-0.01
0.044
0.132
0.218
0.278
0.294
0.284
0.196
0.012
-0.19
-0.374
-0.446
-0.354
-0.242
-0.194
-0.196
-0.23
-0.296
-0.334
-0.284
-0.234
-0.214
-0.184
-0.156
-0.09
0.028
0.186
0.304
0.369
0.382
0.378
0.354
0.298
0.182
-0.02
-0.222
-0.292
-0.192
-0.082
-0.066
-0.1
-0.196
-0.282
-0.184
-0.012
0.206
0.439
0.612
0.692
0.696
0.66
0.568
0.496
0.518
0.526
0.51
0.428
0.31
0.222
0.318
0.396
0.448
0.452
0.42
0.338
0.25
0.16
0.024
-0.144
-0.256
-0.276
-0.256
-0.272
-0.388
-0.66
-1.004
-1.228
-1.116
-0.794
-0.444
-0.156
0.044
0.196
0.228
0.226
0.176
0.074
-0.054
-0.114
-0.06
-0.024
0.0
0.008
0.024
0.14
0.328
0.505
0.574
0.58
0.57
0.502
0.43
0.396
0.37
0.294
0.226
0.212
0.206
0.154
0.03
-0.132
-0.206
-0.026
0.184
0.326
0.412
0.474
0.536
0.622
0.648
0.64
0.53
0.354
0.164
-0.028
-0.19
-0.284
-0.384
-0.412
-0.318
-0.142
0.092
0.332
0.437
0.438
0.372
0.226
0.028
-0.16
-0.284
-0.276
-0.108
0.184
0.5
0.782
0.966
1.044
1.042
0.952
0.752
0.454
0.132
-0.112
-0.198
-0.112
-0.002
0.016
-0.02
-0.13
-0.23
-0.292
-0.192
-0.08
-0.05
-0.062
-0.168
-0.268
-0.32
-0.286
-0.198
-0.182
-0.178
-0.104
-0.042
-0.014
-0.012
-0.056
-0.164
-0.254
-0.204
-0.188
-0.2
-0.242
-0.224
-0.052
0.246
0.477
0.504
0.464
0.27
-0.008
-0.228
-0.358
-0.34
-0.29
-0.206
-0.114
-0.016
0.058
0.128
0.228
0.28
0.294
0.28
0.2
0.106
0.11
0.244
0.403
0.496
0.502
0.448
0.276
0.058
-0.168
-0.334
-0.394
-0.332
-0.234
-0.194
-0.186
-0.198
-0.168
-0.016
0.16
0.344
0.416
0.414
0.342
0.222
0.102
0.036
0.034
0.1
0.192
0.264
0.274
0.234
0.074
-0.132
-0.33
-0.42
-0.294
-0.112
0.0
0.004
-0.05
-0.218
-0.418
-0.5
-0.37
-0.176
0.05
0.236
0.336
0.365
0.36
0.29
0.216
0.264
0.312
0.312
0.276
0.194
0.13
0.276
0.494
0.642
0.69
0.686
0.586
0.4
0.218
0.076
-0.082
-0.226
-0.342
-0.454
-0.452
-0.36
-0.25
-0.22
-0.24
-0.364
-0.548
-0.672
-0.532
-0.356
-0.192
-0.104
-0.098
-0.136
-0.206
-0.202
-0.184
-0.186
-0.228
-0.35
-0.546
-0.666
-0.594
-0.506
-0.448
-0.44
-0.424
-0.316
-0.21
-0.182
-0.184
-0.25
-0.394
-0.508
-0.45
-0.322
-0.222
-0.166
-0.164
-0.154
-0.074
0.05
0.132
0.176
0.204
0.21
0.242
0.302
0.381
0.462
0.588
0.674
0.678
0.654
0.598
0.59
0.602
0.6
0.526
0.322
0.046
-0.15
-0.09
0.112
0.32
0.421
0.422
0.37
0.248
0.08
-0.064
-0.16
-0.204
-0.196
-0.152
-0.15
-0.18
-0.254
-0.332
-0.372
-0.262
-0.08
0.092
0.236
0.304
0.31
0.28
0.226
0.212
0.196
0.154
0.094
-0.032
-0.136
-0.128
-0.028
0.05
0.098
0.102
0.086
0.048
0.07
0.114
0.116
0.128
0.12
0.048
-0.058
-0.116
-0.104
-0.02
0.066
0.076
0.072
0.094
0.142
0.206
0.256
0.256
0.208
0.08
-0.032
-0.07
-0.01
0.094
0.158
0.162
0.152
0.13
0.08
0.06
0.056
0.044
0.016
0.042
0.042
0.01
-0.074
-0.214
-0.39
-0.492
-0.374
-0.272
-0.21
-0.21
-0.29
-0.444
-0.55
-0.46
-0.336
-0.226
