0.284
0.284
0.21
0.078
0.012
0.048
0.112
0.134
0.138
0.16
0.202
0.21
0.2
0.15
0.094
0.096
0.211
0.334
0.36
0.328
0.194
0.01
-0.104
-0.048
0.07
0.106
0.102
0.084
0.098
0.158
0.219
0.28
0.316
0.36
0.372
0.366
0.332
0.258
0.162
0.084
0.084
0.082
0.028
-0.062
-0.148
-0.116
-0.008
0.114
0.136
0.102
-0.042
-0.182
-0.218
-0.132
0.0
0.07
0.072
0.052
0.042
0.006
-0.034
-0.07
-0.134
-0.202
-0.128
0.02
0.214
0.387
0.492
0.504
0.474
0.384
0.268
0.174
0.224
0.344
0.438
0.472
0.466
0.372
0.206
0.044
0.022
0.098
0.164
0.166
0.078
-0.136
-0.402
-0.536
-0.348
-0.064
0.15
0.231
0.228
0.146
0.054
0.11
0.154
0.158
0.152
0.146
0.126
0.172
0.218
0.261
0.328
0.39
0.388
0.316
0.168
-0.02
-0.154
-0.212
-0.222
-0.266
-0.34
-0.272
-0.022
0.269
0.46
0.494
0.45
0.272
0.128
0.088
0.11
0.098
-0.05
-0.312
-0.582
-0.682
-0.508
-0.274
-0.102
-0.022
-0.014
0.022
0.076
0.128
0.132
0.12
0.094
0.034
-0.048
-0.056
0.02
0.17
0.323
0.404
0.406
0.368
0.264
0.138
0.056
-0.076
-0.274
-0.462
-0.586
-0.552
-0.412
-0.32
-0.3
-0.284
-0.24
-0.108
0.052
0.19
0.214
0.196
0.098
-0.006
-0.006
0.066
0.078
0.058
-0.008
-0.082
-0.114
-0.144
-0.226
-0.372
-0.518
-0.312
0.06
0.393
0.542
0.54
0.382
0.102
-0.158
-0.34
-0.482
-0.614
-0.688
-0.656
-0.526
-0.356
-0.204
-0.064
0.106
0.311
0.462
0.528
0.532
0.476
0.33
0.224
0.212
0.212
0.164
0.084
0.022
0.114
0.313
0.482
0.532
0.524
0.46
0.364
0.268
0.222
0.206
0.166
0.082
-0.022
-0.128
-0.206
-0.218
-0.236
-0.278
-0.322
-0.298
-0.25
-0.182
-0.144
-0.128
-0.126
-0.096
-0.078
-0.042
0.024
0.12
0.269
0.392
0.486
0.536
0.536
0.482
0.332
0.124
-0.068
-0.278
-0.414
-0.46
-0.386
-0.274
-0.144
-0.068
-0.064
-0.086
-0.106
-0.044
0.066
0.192
0.223
0.2
0.098
-0.006
-0.07
0.012
0.1
0.106
0.088
0.052
-0.01
-0.068
-0.11
-0.13
-0.158
-0.188
-0.19
-0.198
-0.222
-0.196
-0.082
0.048
0.136
0.14
0.066
-0.152
-0.402
-0.484
-0.312
-0.084
0.056
0.104
0.128
0.16
0.208
0.283
0.306
0.288
0.18
0.04
-0.108
-0.242
-0.208
-0.116
-0.07
-0.064
-0.094
-0.244
-0.41
-0.44
-0.332
-0.152
0.008
0.184
0.349
0.48
0.546
0.544
0.472
0.34
0.196
0.14
0.248
0.354
0.414
0.416
0.386
0.312
0.232
0.178
0.09
0.004
-0.068
-0.04
0.06
0.168
0.219
0.224
0.244
0.28
0.31
0.33
0.334
0.296
0.174
0.006
-0.14
-0.264
-0.376
-0.458
-0.534
-0.528
-0.396
-0.146
0.088
0.204
0.21
0.136
-0.026
0.078
0.323
0.584
0.734
0.744
0.67
0.506
0.33
0.134
-0.058
-0.21
-0.224
-0.058
0.156
0.323
0.374
0.374
0.362
0.318
0.264
0.2
0.088
-0.098
-0.262
-0.268
-0.188
-0.07
0.022
0.058
0.142
0.237
0.26
0.244
0.106
-0.104
-0.288
-0.374
-0.34
-0.314
-0.314
-0.35
-0.422
-0.502
-0.452
-0.338
-0.23
-0.164
-0.156
-0.186
-0.276
-0.272
-0.18
-0.12
-0.088
-0.09
-0.146
-0.2
-0.144
-0.12
-0.064
-0.052
-0.072
-0.1
-0.05
-0.006
-0.002
-0.016
-0.096
-0.246
-0.366
-0.282
-0.038
0.273
0.52
0.566
0.512
0.302
-0.064
-0.35
-0.41
-0.258
-0.142
-0.134
-0.17
-0.218
-0.234
-0.174
-0.056
0.054
0.194
0.285
0.298
0.286
0.222
0.168
0.198
0.31
0.406
0.472
0.478
0.444
0.354
0.262
0.27
0.371
0.464
0.506
0.508
0.438
0.228
-0.014
-0.296
-0.554
-0.696
-0.534
-0.284
-0.038
0.146
0.232
0.241
0.214
0.122
0.018
-0.068
-0.132
-0.126
-0.112
-0.116
-0.148
-0.124
0.002
0.222
0.495
0.756
0.856
0.856
0.794
0.698
0.696
0.762
0.8
0.794
0.696
0.53
0.384
0.258
0.17
0.134
0.144
0.218
0.288
0.314
0.31
0.23
0.07
-0.14
-0.31
-0.382
-0.352
-0.302
-0.246
-0.2
-0.154
-0.13
-0.142
-0.24
-0.384
-0.488
-0.488
-0.356
-0.214
-0.136
-0.104
-0.088
-0.086
-0.1
-0.144
-0.17
-0.156
-0.108
-0.052
-0.042
-0.082
-0.224
-0.398
-0.538
-0.572
-0.47
-0.336
-0.152
-0.004
0.08
0.122
0.14
0.154
0.214
0.305
0.388
0.432
0.434
0.408
0.316
0.17
-0.034
-0.198
-0.288
-0.31
-0.254
-0.226
-0.17
-0.132
-0.116
-0.114
-0.148
-0.208
