0.21
0.306
0.423
0.492
0.49
0.402
0.23
0.01
-0.186
-0.358
-0.352
-0.22
-0.072
0.014
0.022
0.004
-0.076
-0.184
-0.27
-0.332
-0.372
-0.386
-0.37
-0.338
-0.336
-0.348
-0.354
-0.37
-0.414
-0.458
-0.42
-0.352
-0.232
-0.11
-0.012
0.012
0.002
-0.036
-0.082
-0.188
-0.244
-0.18
-0.026
0.186
0.427
0.586
0.62
0.604
0.45
0.204
0.014
-0.138
-0.06
0.076
0.18
0.238
0.244
0.218
0.098
-0.104
-0.36
-0.57
-0.65
-0.496
-0.32
-0.214
-0.16
-0.032
0.1
0.236
0.359
0.384
0.36
0.29
0.262
0.26
0.232
0.22
0.19
0.15
0.12
0.084
0.062
0.086
0.136
0.146
0.13
0.078
0.016
-0.008
-0.002
-0.006
-0.06
-0.208
-0.36
-0.356
-0.184
0.052
0.154
0.152
0.056
-0.148
-0.388
-0.536
-0.568
-0.578
-0.588
-0.572
-0.532
-0.44
-0.314
-0.212
-0.086
0.054
0.126
0.154
0.156
0.138
0.07
0.01
0.054
0.162
0.327
0.478
0.54
0.54
0.504
0.444
0.434
0.412
0.398
0.376
0.342
0.326
0.312
0.284
0.22
0.292
0.404
0.506
0.516
0.458
0.26
0.046
0.006
0.126
0.234
0.25
0.198
-0.012
-0.236
-0.334
-0.192
-0.036
0.084
0.122
0.118
0.158
0.188
0.184
0.156
0.136
0.076
0.106
0.158
0.16
0.144
0.11
0.038
-0.086
-0.224
-0.44
-0.69
-0.898
-0.998
-0.842
-0.61
-0.358
-0.154
-0.01
0.08
0.106
0.13
0.154
0.2
0.288
0.395
0.474
0.474
0.378
0.202
0.026
-0.122
-0.166
-0.084
-0.016
0.03
0.062
0.054
-0.026
-0.108
-0.152
-0.098
-0.022
0.036
0.042
-0.008
-0.14
-0.298
-0.454
-0.37
-0.136
0.168
0.381
0.448
0.452
0.44
0.438
0.446
0.484
0.548
0.572
0.564
0.492
0.3
0.018
-0.22
-0.204
-0.09
-0.028
-0.024
-0.068
-0.118
-0.004
0.122
0.198
0.214
0.206
0.15
0.078
0.004
-0.086
-0.242
-0.426
-0.538
-0.488
-0.344
-0.154
-0.038
0.0
0.058
0.084
0.088
0.072
0.04
0.054
0.098
0.174
0.254
0.312
0.342
0.363
0.354
0.302
0.264
0.238
0.212
0.222
0.232
0.226
0.194
0.144
0.024
-0.122
-0.224
-0.246
-0.238
-0.244
-0.27
-0.346
-0.358
-0.26
-0.194
-0.166
-0.16
-0.184
-0.268
-0.326
-0.382
-0.462
-0.484
-0.416
-0.304
-0.17
-0.078
-0.028
-0.024
-0.044
-0.074
-0.098
-0.058
-0.004
0.002
-0.01
-0.048
-0.026
0.03
0.11
0.128
0.11
0.044
-0.012
-0.064
-0.018
0.076
0.158
0.29
0.447
0.496
0.496
0.454
0.302
0.138
0.03
0.108
0.222
0.33
0.426
0.53
0.614
0.632
0.6
0.442
0.232
-0.006
-0.184
-0.274
-0.254
-0.208
-0.204
-0.232
-0.332
-0.498
-0.642
-0.656
-0.502
-0.262
-0.002
0.21
0.337
0.366
0.37
0.436
0.576
0.738
0.8
0.792
0.718
0.546
0.346
0.246
0.328
0.452
0.538
0.55
0.518
0.35
0.052
-0.238
-0.474
-0.492
-0.306
-0.084
0.08
0.14
0.136
0.044
-0.09
-0.264
-0.452
-0.548
-0.498
-0.324
-0.082
0.076
0.086
0.012
-0.204
-0.454
-0.584
-0.428
-0.278
-0.176
-0.118
-0.052
0.014
0.036
0.048
-0.038
-0.28
-0.65
-0.954
-1.084
-0.908
-0.636
-0.422
-0.256
-0.112
-0.022
0.054
0.084
0.1
0.134
0.234
0.361
0.446
0.45
0.392
0.258
0.118
0.024
0.062
0.102
0.114
0.104
0.076
0.116
0.164
0.162
0.112
0.06
0.026
0.104
0.234
0.325
0.33
0.288
0.194
0.038
-0.14
-0.26
-0.324
-0.32
-0.27
-0.21
-0.13
0.004
0.182
0.355
0.49
0.576
0.578
0.54
0.518
0.558
0.632
0.674
0.704
0.708
0.696
0.718
0.72
0.67
0.568
0.418
0.258
0.138
0.212
0.363
0.494
0.534
0.512
0.334
0.048
-0.242
-0.464
-0.462
-0.31
-0.178
-0.082
-0.074
-0.126
-0.27
-0.402
-0.438
-0.4
-0.396
-0.36
-0.354
-0.29
-0.15
-0.036
0.008
0.02
0.04
0.066
0.124
0.194
0.21
0.198
0.116
-0.028
-0.186
-0.342
-0.434
-0.38
-0.256
-0.106
-0.018
-0.016
-0.028
-0.068
-0.076
-0.058
-0.058
-0.132
-0.368
-0.656
-0.828
-0.706
-0.45
-0.238
-0.166
-0.166
-0.184
-0.192
-0.112
-0.034
-0.012
0.048
0.108
0.144
0.146
0.136
0.092
0.064
0.136
0.256
0.3
0.302
0.262
0.168
0.026
-0.064
-0.006
0.068
0.114
0.13
0.114
0.028
0.012
0.074
0.118
0.144
0.148
0.142
0.104
0.084
0.058
0.038
0.112
0.222
0.3
0.304
0.24
0.048
-0.168
-0.312
-0.246
-0.15
-0.07
-0.064
-0.086
-0.13
-0.126
-0.06
0.012
0.084
0.09
0.086
0.16
0.254
0.351
0.406
0.408
0.344
0.202
0.082
0.008
-0.088
-0.124
-0.056
0.106
0.344
0.522
0.632
0.644
0.628
0.574
0.506
0.41
0.288
0.164
0.102
0.084
0.108
0.102
0.042
-0.016
-0.016
0.088
0.184
0.27
0.347
0.448
0.504
0.506
0.492
0.392
0.198
0.018
-0.114
-0.24
-0.358
-0.4
-0.372
-0.304
-0.19
-0.116
0.008
0.15
0.202
0.2
0.138
-0.01
-0.162
-0.26
-0.28
-0.298
-0.38
-0.46
-0.516
-0.56
-0.54
-0.51
-0.472
-0.382
-0.23
-0.098
0.018
0.052
0.046
0.002
-0.046
-0.062
-0.064
-0.062
-0.05
-0.03
-0.006
0.022
0.02
-0.046
-0.13
-0.16
-0.148
-0.088
-0.018
-0.018
-0.108
-0.264
-0.402
-0.508
-0.436
-0.3
-0.27
-0.272
-0.304
-0.346
-0.3
-0.192
-0.076
0.002
0.1
0.186
0.276
0.359
0.406
0.408
0.348
0.176
-0.064
-0.284
-0.26
-0.012
0.238
0.346
0.348
0.252
0.006
-0.204
-0.236
-0.062
0.19
0.419
0.542
0.598
0.596
0.524
0.4
0.338
0.302
0.272
0.268
0.248
0.148
0.144
0.278
0.477
0.67
0.728
0.71
0.554
0.306
0.06
-0.144
-0.266
-0.27
-0.244
-0.246
-0.252
-0.278
-0.326
-0.254
-0.128
-0.088
-0.094
-0.188
-0.408
-0.678
-0.826
-0.862
-0.81
-0.728
-0.634
-0.488
-0.292
-0.042
0.238
0.509
0.776
0.972
1.03
1.022
0.914
0.75
0.58
0.474
0.432
0.362
0.316
0.28
0.258
0.288
0.334
0.345
0.336
0.29
0.164
-0.044
-0.198
-0.086
0.172
0.454
0.61
0.62
0.594
0.518
0.374
0.164
-0.13
-0.464
-0.72
-0.708
-0.462
-0.236
-0.138
-0.126
-0.178
-0.314
-0.334
-0.248
-0.156
-0.14
-0.164
-0.242
-0.236
-0.096
0.046
0.146
0.158
0.13
0.024
-0.086
-0.15
-0.182
-0.2
-0.204
-0.156
-0.05
0.146
0.363
0.536
0.582
0.57
0.452
0.248
0.066
-0.006
-0.092
-0.184
-0.302
-0.432
-0.438
-0.332
-0.282
-0.268
-0.212
-0.092
0.144
0.393
0.528
0.534
0.48
0.334
0.164
0.044
-0.004
0.012
0.04
0.126
0.248
0.368
0.448
0.458
0.432
0.33
0.232
0.176
0.082
0.032
0.03
0.016
0.022
0.02
-0.022
-0.122
-0.19
-0.232
-0.344
-0.474
-0.578
-0.626
-0.526
-0.42
-0.388
-0.4
-0.404
-0.304
-0.176
-0.066
-0.032
-0.034
-0.064
0.004
0.076
0.11
0.138
0.134
0.068
0.006
-0.03
-0.074
-0.064
0.032
0.126
0.194
0.204
0.164
0.032
-0.07
-0.038
0.024
0.044
0.026
-0.122
-0.322
-0.404
-0.27
-0.07
0.09
0.144
0.144
0.096
0.022
-0.026
-0.052
-0.096
-0.224
-0.492
-0.712
-0.604
-0.25
0.174
0.527
0.664
0.67
0.654
0.554
0.322
0.07
-0.126
-0.062
0.084
0.176
0.182
0.13
0.082
0.25
0.464
0.556
0.55
0.402
0.138
-0.088
-0.15
-0.098
-0.012
0.03
0.082
0.116
0.114
0.054
-0.104
-0.308
-0.432
-0.418
-0.318
-0.256
-0.206
-0.182
-0.144
-0.084
0.016
0.142
0.238
0.288
0.292
0.262
0.174
0.122
0.13
0.16
0.186
0.21
0.22
0.222
0.294
0.302
0.264
0.186
0.088
-0.056
-0.2
-0.294
-0.316
-0.258
-0.17
-0.1
-0.062
-0.06
-0.082
-0.144
-0.212
-0.26
-0.302
-0.304
-0.278
-0.276
-0.318
-0.374
-0.368
-0.306
-0.2
-0.052
0.064
0.166
