-122
-124
-144
-188
-206
-224
-268
-268
-228
-154
-46
58
135
170
176
168
126
100
98
66
-6
-88
-162
-182
-106
-50
-8
22
30
38
38
38
28
-12
-52
-96
-150
-200
-230
-256
-274
-274
-294
-334
-358
-332
-234
-96
12
86
106
92
26
-38
-94
-144
-178
-192
-154
-92
-18
46
68
66
54
36
-10
-62
-112
-188
-184
-108
-2
82
94
66
-16
-84
-60
6
46
46
14
-54
-116
-138
-150
-154
-148
-110
-14
86
157
208
218
196
132
70
-8
-96
-152
-186
-192
-180
-154
-134
-120
-88
-72
-68
-48
-14
36
100
136
132
66
-4
12
102
175
176
112
-30
-156
-200
-162
-108
-42
32
134
186
184
112
14
-64
-76
24
78
88
88
74
40
80
177
266
300
298
244
172
108
140
194
228
244
242
236
280
290
280
248
196
106
18
-58
-130
-170
-98
0
82
112
112
90
54
38
38
20
30
56
92
140
155
150
102
54
14
-24
-24
-22
-34
-58
-96
-172
-244
-248
-170
-60
52
104
106
94
52
-8
-78
-142
-184
-174
-76
18
88
116
114
70
-24
-110
-182
-252
-270
-218
-130
2
124
203
238
244
232
194
176
178
170
152
116
64
22
4
-2
-12
4
46
100
138
140
98
-16
-112
-124
-6
155
266
314
316
266
138
-6
-104
-52
58
158
172
138
48
-38
-24
48
110
118
98
46
8
-20
0
40
52
52
26
-58
-192
-328
-410
-402
-330
-264
-202
-138
-74
-26
14
20
-8
-88
-178
-214
-120
26
179
244
244
214
160
112
78
74
70
62
124
