-246
-172
-118
-88
-54
-14
14
22
16
-26
-94
-156
-140
-124
-118
-112
-104
-76
-16
28
36
32
-2
-62
-134
-186
-192
-122
-12
88
114
104
22
-132
-222
-130
-24
38
50
40
-6
-60
-106
-164
-216
-210
-196
-198
-226
-262
-240
-114
40
135
180
188
180
176
210
214
194
144
106
90
130
147
140
106
80
96
170
254
274
258
168
2
-194
-344
-348
-254
-164
-106
-72
-56
-42
-32
-36
-70
-106
-126
-106
-56
-34
-12
30
74
102
116
118
118
132
163
162
120
12
-116
-210
-206
-100
8
90
163
190
184
132
46
-46
-116
-48
54
167
266
320
340
348
348
318
264
220
196
196
216
220
206
166
112
56
-2
-60
-116
-198
-274
-264
-136
42
181
218
212
144
52
-24
-52
-48
-32
-18
-18
-56
-138
-212
-252
-238
-214
-214
-242
-224
-102
44
151
190
192
174
158
192
232
258
258
248
208
154
110
66
92
110
108
84
32
-28
-82
-82
-32
52
155
230
250
248
222
174
132
168
208
230
252
254
244
208
160
84
-12
-90
-142
-180
-184
-182
-178
-150
-104
-82
-82
-94
-140
-210
-258
-224
-166
-126
-118
-134
-200
-254
-224
-164
-100
-90
-114
-186
-236
-234
-180
-126
-116
-114
-72
-20
38
86
96
80
16
-56
-134
-198
-224
-164
-106
-74
-72
-98
-150
-188
-190
-192
-198
-204
-192
-142
-90
-64
-30
30
94
153
186
188
172
152
148
152
150
128
86
34
90
183
266
302
302
280
240
228
232
220
178
130
82
44
20
34
84
183
278
318
322
308
248
180
130
74
-4
-78
-136
-166
-148
-130
-130
-148
-172
-188
-232
-286
-322
-346
-288
-190
-92
-6
50
60
52
20
-2
-28
12
54
90
123
130
122
70
6
-38
-36
-14
-12
-38
-78
-122
-164
-220
-290
-342
-312
-160
8
127
178
186
174
118
36
-60
-176
-274
-330
-312
-220
-114
-18
44
68
74
108
203
312
364
364
312
218
122
138
184
202
206
202
178
158
164
154
100
12
-104
-228
-316
-304
-254
-172
-94
-22
38
82
84
50
-14
-64
-28
64
169
234
244
230
182
118
64
36
8
12
44
96
167
214
214
170
80
-26
-124
-146
-90
-24
30
42
36
-4
-54
-90
-98
-56
2
52
68
68
52
-16
-84
-78
12
147
274
348
360
356
314
228
136
48
-46
-118
-164
-164
-114
-34
40
117
190
252
306
354
388
388
354
258
118
-44
-182
-234
-188
-92
-14
12
10
-24
-76
-122
-62
-2
38
70
96
116
141
144
130
58
-34
-112
-176
-176
-118
-16
80
154
170
156
96
50
84
119
136
132
90
40
66
160
252
274
272
242
208
190
194
198
178
108
44
84
183
302
384
392
372
298
246
276
362
408
408
366
246
68
-136
-298
-376
-330
-258
-236
-236
-252
-244
-234
-222
-220
-226
-228
-194
-164
-152
-150
-152
-170
-224
-282
-330
-380
-414
-428
-420
-358
-258
-168
-108
-96
-116
-210
-338
-452
-498
-394
-230
-80
20
76
82
70
34
14
-4
-32
-70
-132
-206
-240
-172
-60
86
197
242
242
196
96
2
48
128
164
