236
250
254
252
202
132
88
132
195
224
226
200
148
112
96
82
52
20
30
50
54
50
4
-92
-206
-314
-410
-498
-526
-412
-218
-2
152
187
170
66
-62
-138
-94
-56
-50
-56
-84
-70
-32
-14
-18
-50
-94
-128
-128
-118
-118
-98
-64
-18
8
12
14
56
156
291
430
500
498
410
232
6
-194
-332
-410
-460
-508
-520
-448
-320
-174
-56
-30
-46
-138
-228
-198
-70
40
72
66
32
0
10
28
28
-2
-42
-58
16
92
122
120
76
-2
-62
0
72
100
98
40
-58
-146
-174
-94
-22
50
118
150
166
172
170
142
92
50
70
96
98
80
50
36
76
128
144
142
112
56
14
-24
-78
-144
-204
-210
-170
-126
-94
-72
-56
-42
-40
-48
-70
-32
36
100
122
116
54
-68
-198
-282
-262
-194
-88
48
160
249
298
306
302
304
364
416
424
404
328
218
138
188
236
240
220
146
8
-124
-166
-92
6
58
62
42
4
-28
-10
18
52
92
124
138
138
118
98
160
283
422
526
546
530
420
228
14
-194
-346
-420
-426
-358
-222
-66
52
142
178
178
160
122
84
24
-68
-134
-118
-20
110
245
330
348
342
308
256
200
154
116
96
102
120
122
100
42
-38
-90
-110
-134
-166
-192
-234
-280
-336
-384
-412
-376
-328
-292
-264
-210
-130
-50
-10
-12
-76
-202
-324
-406
-352
-236
-132
-2
106
154
154
134
46
-60
-120
-78
12
104
134
128
70
-16
-104
-98
-24
86
168
231
246
242
198
118
46
28
70
118
134
126
58
-58
-196
-270
-282
-260
-258
-278
-326
-358
-348
-294
-222
-154
-90
-58
-54
-46
-14
60
172
267
304
302
270
204
126
60
16
-54
-124
-204
-272
-292
-270
-224
-146
-58
34
134
197
200
186
152
102
80
112
138
142
136
98
56
48
118
201
276
300
300
262
172
76
-12
-108
-178
-224
-232
-206
-186
-178
-180
-186
-180
-122
-26
92
203
256
264
258
244
244
248
246
224
188
146
122
92
54
10
-32
-74
-142
-182
-206
-142
-46
50
126
187
224
244
254
252
230
198
186
204
206
188
102
-24
-140
-142
-18
84
136
144
134
100
82
72
28
-42
-112
-74
34
140
197
212
210
188
164
152
148
168
184
182
156
102
22
-28
-54
-52
-42
-38
-36
-40
-44
-38
-36
-36
-52
-68
-56
-52
-54
-72
-80
-64
-32
-28
-38
-82
-124
-66
24
124
193
206
206
184
128
56
-26
-110
-174
-198
-154
-88
-32
-18
-22
-56
-120
-190
-206
-142
-66
14
86
152
205
216
204
136
14
-122
-226
-276
-256
-210
-156
-106
-84
-86
-82
-48
4
42
46
40
8
0
2
-2
-34
-96
-146
-130
-94
-82
-82
-64
-24
4
24
36
44
80
152
239
312
352
352
318
250
186
150
166
176
168
122
72
20
-52
-110
-162
-234
-296
-330
-338
-270
-180
-80
10
74
124
169
196
206
208
184
134
84
54
78
102
106
100
84
86
118
130
120
70
-14
-108
-166
-132
-30
106
225
268
266
218
90
-62
-198
-290
-272
-156
-16
104
167
170
156
140
160
178
220
230
220
186
112
2
-88
-118
-74
-14
0
-4
-32
-50
-28
-6
2
2
-24
-80
-132
-162
-150
-82
16
116
189
206
198
122
-18
-186
-322
-360
-310
-262
-252
-246
-214
-138
-34
34
88
122
163
198
232
266
286
286
278
242
152
50
-58
-110
-66
6
66
74
64
24
-34
-90
-144
-188
-216
-232
-238
-220
-170
-90
-4
28
28
2
-72
-162
-200
-152
-62
30
104
138
136
96
28
-26
-48
-20
10
18
16
14
20
50
64
62
32
-22
-50
-14
22
32
28
-10
-46
-6
66
126
148
146
114
84
90
92
72
8
-96
-220
-300
-312
-288
-234
-184
-146
-120
-96
-60
8
100
154
156
138
72
-14
-108
-120
-50
48
177
288
338
358
358
322
256
180
124
126
172
204
212
204
130
30
-64
-142
-166
-116
-58
20
106
158
175
170
110
16
-72
-134
-110
-80
-56
-26
-20
-20
-34
-88
-154
-180
-102
0
100
148
148
102
8
-90
-162
-144
-86
-52
-44
-46
-66
-70
-64
-56
-40
-26
-14
-12
8
80
193
310
370
372
330
246
180
170
182
180
140
72
-26
-134
-222
-278
-290
-268
-218
-184
-146
-110
-74
-18
30
46
46
32
-8
-16
56
154
221
236
226
148
28
-102
-236
-354
-480
-590
-644
-616
-564
-496
-412
-280
-126
-8
42
50
72
185
378
584
716
746
738
684
638
594
510
360
168
4
-86
-86
-60
-26
2
24
34
32
-4
-76
-152
-242
-326
-408
-430
-336
-224
-146
-126
-132
-170
-180
-146
-88
-44
12
56
82
82
74
94
134
191
202
188
120
28
-34
-20
38
108
176
254
322
368
390
414
444
464
466
444
374
260
170
132
114
144
191
208
208
182
110
0
-64
-62
12
82
128
134
124
74
2
-52
-72
-56
-42
-42
-58
-96
-138
-168
-130
-56
36
88
120
118
88
28
-56
-104
-68
4
60
88
90
70
18
-36
-102
-152
-172
-172
-160
-132
-92
-14
78
156
193
194
172
98
6
-70
-130
-126
-82
-24
40
88
100
100
68
-26
-134
-192
-150
-90
-34
