0.03
0.094
0.142
0.162
0.163
0.142
0.096
0.036
-0.024
-0.064
-0.06
-0.024
0.02
0.056
0.08
0.086
0.086
0.08
0.07
0.064
0.058
0.054
0.048
0.034
0.014
-0.012
-0.032
-0.024
0.018
0.084
0.16
0.23
0.281
0.304
0.306
0.298
0.274
0.238
0.194
0.146
0.092
0.038
-0.01
-0.048
-0.068
-0.066
-0.054
-0.044
-0.042
-0.044
-0.056
-0.076
-0.1
-0.126
-0.148
-0.166
-0.18
-0.19
-0.176
-0.14
-0.076
0.01
0.104
0.182
0.227
0.23
0.218
0.172
0.108
0.044
-0.002
-0.034
-0.056
-0.08
-0.106
-0.134
-0.156
-0.156
-0.13
-0.094
-0.056
-0.02
0.004
0.014
0.016
0.008
-0.014
-0.052
-0.096
-0.142
-0.184
-0.218
-0.248
-0.276
-0.304
-0.334
-0.362
-0.384
-0.388
-0.366
-0.328
-0.274
-0.204
-0.116
-0.02
0.072
0.148
0.197
0.208
0.206
0.184
0.148
0.112
0.09
0.096
0.122
0.152
0.182
0.206
0.22
0.222
0.222
0.214
0.202
0.186
0.17
0.152
0.134
0.116
0.1
0.086
0.08
0.076
0.074
0.062
0.036
-0.006
-0.06
-0.112
-0.144
-0.11
-0.038
0.052
0.144
0.212
0.249
0.252
0.244
0.214
0.17
0.126
0.092
0.07
0.072
0.094
0.124
0.148
0.156
0.155
0.134
0.088
0.03
-0.022
-0.052
-0.034
0.008
0.054
0.086
0.092
0.09
0.062
0.012
-0.048
-0.106
-0.15
-0.176
-0.168
-0.144
-0.116
-0.088
-0.062
-0.04
-0.014
0.012
0.04
0.06
0.064
0.06
0.038
-0.008
-0.044
-0.078
-0.082
-0.048
0.004
0.068
0.136
0.2
0.256
0.296
0.308
0.307
0.276
0.21
0.116
0.014
-0.078
-0.146
-0.18
-0.176
-0.156
-0.134
-0.116
-0.106
-0.1
-0.092
-0.078
-0.056
-0.032
-0.016
-0.012
-0.018
-0.048
-0.094
-0.146
-0.184
-0.182
-0.14
-0.082
-0.02
0.034
0.08
0.116
0.144
0.162
0.17
0.171
0.16
0.138
0.106
0.074
0.04
0.012
-0.014
-0.042
-0.068
-0.09
-0.104
-0.102
-0.088
-0.068
-0.048
-0.026
-0.006
0.012
0.022
0.022
0.014
-0.014
-0.062
-0.124
-0.186
-0.238
-0.272
-0.28
-0.262
-0.236
-0.204
-0.176
-0.152
-0.14
-0.138
-0.14
-0.15
-0.162
-0.172
-0.17
-0.16
-0.146
-0.136
-0.13
-0.122
-0.108
-0.08
-0.032
0.03
0.096
0.154
0.184
0.187
0.17
0.114
0.02
-0.092
-0.2
-0.276
-0.272
-0.188
-0.064
0.07
0.188
0.274
0.316
0.322
0.314
