412
400
390
376
362
346
326
310
288
260
240
214
186
154
122
88
54
12
-16
-50
-84
-118
-150
-180
-206
-234
-244
-242
-226
-196
-172
-140
-108
-77
-50
-24
0
30
48
70
88
104
116
126
130
132
130
128
124
116
110
98
82
60
32
-2
-40
-88
-120
-160
-198
-236
-270
-302
-336
-374
-398
-424
-448
-456
-446
-418
-380
-332
-278
-220
-160
-92
-47
2
50
92
126
152
170
184
192
196
198
196
192
184
172
160
146
130
108
76
50
14
-32
-80
-126
-174
-220
-272
-316
-350
-392
-432
-466
-492
-508
-510
-494
-464
-424
-358
-292
-226
-132
-27
82
192
296
398
466
508
544
568
582
588
590
590
582
572
556
534
514
496
474
448
418
380
338
278
224
168
122
64
8
-46
-98
-160
-208
-254
-286
-326
-358
-380
-382
-362
-328
-286
-240
-178
-128
-75
-36
14
62
106
146
188
216
236
250
254
256
254
246
238
224
210
194
176
158
138
116
88
62
20
-28
-82
-150
-212
-274
-336
-382
-434
-480
-518
-550
-564
-564
-546
-508
-464
-412
-358
-318
-270
-222
-172
-102
-41
22
82
138
180
220
252
278
290
300
302
304
302
298
292
280
266
246
218
178
138
96
48
-4
-48
-104
-160
-228
-278
-326
-370
-408
-436
-468
-476
-476
-460
-434
-394
-338
-284
-226
-162
-94
-21
42
126
226
306
374
432
476
510
532
548
558
558
558
554
540
524
504
478
448
414
382
340
280
226
168
104
38
-24
-96
-130
-190
-236
-274
-300
-314
-304
-276
-238
-194
-148
-100
-59
4
58
116
170
216
250
270
278
280
280
276
268
256
244
228
212
190
166
140
116
78
40
-2
-48
-98
-152
-206
-276
-320
-376
-426
-468
-504
-528
-542
-534
-516
-486
-450
-408
-358
-306
-248
-190
-128
-61
2
66
126
180
222
256
278
292
300
300
298
290
278
262
242
214
184
152
114
74
30
-22
-78
-140
-206
-274
-342
-406
-466
-516
-554
-580
-590
-586
-572
-550
-518
-480
-432
-378
-314
-244
-168
-90
-9
66
142
212
276
330
370
396
414
426
436
446
456
466
472
478
478
476
468
454
438
414
382
340
292
236
174
108
42
-22
-82
-134
-178
-206
-222
-214
-192
-160
-122
-72
-15
46
110
170
226
274
316
346
368
382
386
386
380
368
352
332
306
280
248
216
182
148
112
72
28
-24
-82
-146
-212
-280
-348
-412
-470
-516
-550
-566
-550
-518
-470
-416
-354
-284
-194
-130
-51
24
94
156
206
244
274
286
292
292
290
284
274
260
242
218
190
162
124
98
62
22
-24
-70
-118
-166
-218
-248
-280
-304
-318
-318
-308
-290
-268
-240
-212
-182
-146
-120
-84
-49
-16
18
46
66
84
94
98
98
94
86
74
56
36
12
-14
-40
-76
-100
-130
-158
-182
-202
-210
-202
-178
-144
-102
-53
6
46
92
130
160
186
204
224
248
264
282
298
312
320
326
330
334
334
332
328
314
300
276
248
216
178
142
106
66
42
14
-10
-28
-40
-48
-54
-58
-56
-52
-46
-40
-34
-30
-26
-18
-10
-2
8
18
26
30
32
36
38
40
42
42
42
40
36
28
14
-4
-20
-46
-72
-108
-130
-158
-192
-214
-238
-258
-276
-292
-302
-310
-308
-296
-280
-256
-222
-198
-166
-130
-94
-62
-29
0
30
50
70
90
108
124
138
146
152
152
150
144
128
112
84
50
12
-36
-70
-114
-166
-200
-240
-282
-320
-354
-382
-402
-412
-410
-398
-376
-340
-310
-266
-216
-158
-98
-35
24
92
136
190
244
292
336
372
398
420
430
442
450
460
464
466
464
456
432
410
376
328
294
250
204
158
110
66
28
-6
-22
-32
-34
-20
-8
12
36
60
86
114
142
176
196
222
242
258
268
272
272
268
260
248
232
214
200
184
166
146
118
96
62
18
-16
-58
-104
-150
-196
-242
-286
-334
-364
-398
-430
-456
-478
-494
-500
-490
-466
-432
-388
-322
-274
-208
-140
-68
-1
62
118
172
208
230
250
260
264
264
262
260
254
248
240
228
210
194
166
134
94
46
-6
-78
-142
-194
-258
-324
-384
-442
-490
-536
-560
-568
-554
-528
-482
-434
-380
-330
-262
-192
-118
-45
34
98
152
190
230
262
286
298
308
312
312
312
314
316
322
326
330
332
332
332
326
318
306
286
268
242
208
170
118
74
30
-8
-36
-62
-72
-59
-44
-14
22
64
118
162
206
250
278
308
332
348
360
362
362
356
342
324
306
288
274
254
232
208
176
144
106
64
16
-30
-88
-152
-230
-294
-354
-410
-462
-496
-530
-552
-554
-538
-504
-456
-388
-320
-248
-172
-92
-31
44
110
180
226
260
284
296
298
298
292
284
274
260
244
226
212
196
180
158
138
106
70
16
-36
-96
-158
-224
-294
-350
-418
-492
-544
-584
-612
-624
-616
-592
-558
-514
-462
-416
-352
-270
-198
-122
-49
18
82
126
176
226
258
280
294
300
300
300
298
296
294
292
286
274
260
236
208
174
136
94
60
8
-28
-60
-86
-106
-126
-144
-158
-182
-196
-208
-214
-202
-182
-146
-100
-41
20
78
122
178
222
266
314
362
406
444
472
486
488
486
476
462
446
430
416
400
384
366
348
