2916
2916
2916
2916
2914
2914
2912
2912
2912
2912
2912
2912
2912
2916
2916
2918
2920
2920
2922
2922
2922
2922
2922
2920
2922
2922
2922
2924
2926
2928
2928
2928
2928
2928
2928
2926
2924
2922
2920
2918
2916
2912
2910
2906
2904
2902
2898
2894
2890
2886
2882
2878
2874
2872
2870
2868
2866
2866
2866
2864
2862
2862
2860
2858
2856
2854
2854
2852
2852
2850
2850
2848
2848
2846
2846
2846
2844
2842
2840
2838
2834
2830
2826
2822
2818
2814
2808
2802
2796
2788
2782
2774
2766
2760
2750
2744
2738
2730
2726
2720
2716
2710
2706
2702
2696
2690
2686
2682
2680
2676
2674
2674
2672
2670
2668
2666
2664
2662
2658
2654
2648
2644
2638
2632
2626
2620
2610
2606
2598
2590
2582
2574
2566
2558
2552
2542
2532
2522
2510
2504
2494
2486
2478
2470
2464
2458
2452
2446
2442
2436
2432
2426
2420
2410
2404
2400
2396
2390
2386
2382
2376
2370
2364
2360
2354
2350
2342
2338
2332
2324
2316
2308
2300
2292
2284
2276
2264
2252
2242
2232
2220
2212
2200
2190
2178
2166
2154
2144
2134
2124
2118
2108
2100
2092
2082
2074
2068
2060
2054
2046
2040
2034
2026
2020
2014
2008
2006
2000
1994
1992
1986
1980
1976
1970
1964
1960
1954
1948
1942
1934
1928
1922
1916
1908
1902
1894
1884
1878
1870
1862
1854
1848
1838
1832
1822
1816
1810
1804
1798
1796
1790
1788
1782
1778
1772
1768
1764
1762
1760
1758
1758
1758
1758
1758
1758
1758
1758
1758
1756
1754
1752
1748
1746
1742
1738
1736
1732
1726
1722
1718
1714
1710
1708
1704
1700
1694
1690
1686
1682
1678
1676
1672
1670
1668
1666
1664
1662
1662
1660
1660
1658
1658
1660
1660
1662
1662
1662
1662
1662
1662
1662
1660
1660
1658
1658
1658
1656
1656
1654
1652
1650
1648
1646
1644
1642
1642
1640
1638
1636
1636
1634
1634
1634
1634
1636
1636
1638
1640
1642
1644
1646
1648
1652
1654
1658
1662
1666
1672
1676
1680
1686
1690
1694
1698
1702
1706
1708
1714
1716
1718
1722
1724
1726
1728
1730
1732
1734
1736
1738
1740
1742
1744
1748
1750
1752
1754
1758
1762
1766
1770
1774
1780
1784
1788
1794
1800
1804
1810
1818
1824
1834
1842
1850
1858
1868
1876
1886
1894
1902
1912
1920
1926
1936
1942
1948
1954
1960
1964
1970
1974
1976
1980
1984
1986
1990
1994
1998
2002
2006
2008
2014
2020
2024
2033
2038
2044
2052
2058
2064
2070
2078
2084
2090
2098
2106
2114
2124
2132
2144
2152
2162
2172
2182
2190
2196
2206
2212
2216
2222
2228
2232
2238
2242
2246
2252
2258
2262
2270
2276
2282
2286
2292
2298
2302
2308
2314
2322
2330
2336
2346
2352
2360
2370
2376
2384
2392
2400
2408
2416
2424
2430
2438
2446
2454
2460
2464
2470
2476
2480
2484
2488
2490
2494
2496
2500
2502
2506
2510
2512
2514
2520
2522
2524
2528
2532
2536
2542
2548
2556
2560
2566
2572
2578
2584
2590
2596
2602
2606
2612
2618
2624
2628
2634
2640
2644
2650
2652
2656
2660
2662
2664
2666
2668
2670
2672
2676
2678
2684
2688
2692
2700
2704
2710
2716
2722
2728
2734
2740
2746
2750
2756
2760
2766
2772
2774
2780
2786
2788
2792
2798
2802
2806
2810
2814
2818
2820
2824
2824
2826
2828
2828
2828
2830
2830
2830
2830
2832
2832
2834
2836
2838
2840
2842
2846
2848
2852
2854
2856
2858
2858
2860
2862
2864
2864
2866
2868
2868
2870
2870
2872
2872
2872
2872
2872
2872
2870
2870
2868
2866
2864
2862
2860
2858
2856
2856
2854
2852
2852
2852
2852
2852
2852
2852
2854
2854
2856
2856
2858
2858
2858
2858
2860
2860
2862
2862
2862
2864
2864
2864
2864
2864
2866
2864
2864
2864
2864
2864
2862
2860
2858
2856
2854
2852
2850
2848
2846
2846
2844
2842
2842
2842
2844
2844
2846
2846
2846
2848
2848
2850
2850
2848
2848
2850
2850
2850
2854
2856
2858
2862
2866
2868
2870
2870
2872
2872
2870
2870
2868
2866
2862
2860
2856
2854
2850
2848
2842
2838
2834
2830
2826
2822
2818
2814
2814
2812
2810
2808
2808
2806
2806
2804
2804
2802
2802
2800
2800
2800
2800
2800
2798
2798
2796
2794
2792
2788
2784
2780
2774
2768
2760
2756
2748
2740
2732
2724
2716
2708
2698
2692
2682
2674
2666
2656
2650
2642
2634
2628
2622
2616
2612
2606
2600
2594
2588
2582
2576
2572
2566
2560
2554
2548
2540
2536
2528
2524
2518
2512
2504
2498
2490
2482
2476
2468
2460
2450
2442
2432
2422
2412
2404
2394
2386
2374
2366
2356
2346
2336
2330
2322
2314
2306
2298
2292
2282
2276
2272
2264
2256
2250
2244
2236
2228
2222
2216
2210
2204
2198
2194
2188
2180
2174
2168
2160
2156
2148
2140
2134
2128
2120
2114
2106
2102
2094
2086
2076
2068
2056
2048
2038
2032
2022
2014
2004
1998
1988
1982
1976
1970
1966
1960
1956
1950
1946
1940
1936
1932
1928
1926
1922
1918
1914
1910
1908
1904
1904
1898
1896
1894
1888
1884
1880
1876
1872
1866
1858
1856
1848
1840
1834
1826
1820
1816
1810
1804
1798
1792
1788
1784
1780
1776
1772
1770
1766
1764
1760
1758
1754
1752
1750
1746
1744
1740
1738
1736
1732
1730
1728
1726
1722
1718
1714
1710
1706
1702
1696
1694
1686
1682
1676
1670
1666
1662
1656
1650
1642
1636
1630
1626
1620
1616
1612
1608
1606
1604
1602
1600
1600
1600
1598
1598
1598
1598
1598
1600
1602
1602
1604
1606
1606
1606
1608
1608
1610
1610
1612
1614
1614
1614
1614
1614
1614
1612
1612
1610
1610
1610
1610
1610
1612
1614
1614
1616
1616
1618
1620
1620
1624
1626
1628
1630
1632
1634
1636
1638
1642
1646
1650
1654
1658
1664
1668
1674
1682
1688
1694
1700
1706
1710
1716
1720
1726
1730
1734
1736
1740
1744
1748
1750
1752
1756
1758
1760
1764
1766
1768
1770
1772
1772
1772
1774
